80805
64082
38464
68798
13164
67476
26438
76011
102883
78100
71824
15838
61973
97642
18760
3847
66702
80186
77535
100950
30585
53200
57877
77322
3701
21041
75009
39236
71048
15315
82988
47086
3527
6714
82823
37850
19842
46633
19941
39877
76190
68994
88774
40622
40502
19461
48787
105629
71478
86111
66707
43745
99781
27033
108810
103967
14116
81657
15196
49374
13393
37355
91488
35232
11913
9983
33745
69966
31647
98041
81630
65266
23370
46020
6217
38627
108527
102190
78037
15289
10959
67013
35654
11511
83888
78204
64090
91958
25228
104178
32439
56312
69679
22198
26453
88299
65742
35257
90949
57136
93720
101917
23066
102539
60602
14929
52193
105542
85012
5066
52232
105591
9913
22434
63277
53936
63957
112749
29416
88469
96497
38489
50986
64479
35942
59644
48413
3128
20114
52458
83297
37581
94116
28170
40860
71584
26889
82865
3529
71349
57341
111149
55063
47042
103592
88795
9063
49711
36876
22103
89391
17591
59355
82891
35435
88278
29724
93259
43458
101587
111284
2051
92861
35937
107026
91679
81459
17669
33262
98681
32586
92661
4079
17357
28573
16389
24818
94205
109808
102979
92516
24333
5278
10969
72157
61333
40001
48993
32095
38862
42599
52118
40093
12704
109171
109974
14277
62817
57477
1939
53169
101951
43670
6638
37256
20491
46553
44463
50859
32765
67346
33373
3306
89140
79551
1307
70906
30970
71202
76109
111842
67474
101686
20545
104257
90478
56430
52229
26824
30170
51291
50005
21095
92713
42205
40597
6315
105620
23685
92620
67635
14858
101306
38248
11465
51430
111826
4697
34777
66527
80269
59697
19556
13487
4874
41649
110399
39051
110710
1941
44627
99322
53172
47598
24477
97396
97923
67810
106271
35605
69126
95996
49246
14686
9667
69576
19131
99278
92386
87810
75213
57753
35604
12994
84652
59926
58883
40335
66827
49736
111366
63612
24655
65166
13893
77684
31012
68361
73448
105091
67387
84746
112976
47659
78251
31759
90928
27752
20251
82033
35190
98994
96251
100529
28797
41071
16849
520
32102
65486
39218
40193
44023
64933
14408
45742
83039
1598
44784
109732
62825
67000
44985
93410
13156
51856
104601
56445
15344
74198
105025
11534
21486
104483
40143
82660
104872
20497
44496
18836
70884
9482
80319
59077
60668
48633
45206
81337
4187
14659
113107
93969
27282
95715
111203
62231
97240
17156
85143
70294
70992
17345
2807
86572
64858
50969
110685
51574
43374
11971
83028
36763
75269
11752
69534
35210
83369
37314
11638
84687
7187
52688
17830
85605
93146
59010
45552
106214
55260
67636
57717
91584
20831
15446
32172
12365
62760
73369
38840
51956
104447
5756
77000
22311
96004
109181
64850
88051
99428
15898
50846
12001
46956
49047
52871
18414
51792
67143
77168
13073
62891
99283
33819
78503
32968
38082
10385
6743
77525
50570
6642
14432
47183
25682
77225
43491
44785
26582
44098
37502
13305
65421
58023
43232
42808
25905
33751
64599
74159
65482
111227
63318
34909
102627
50641
74205
82178
50209
29741
68633
6144
34882
52526
100549
84955
93333
25614
64327
71268
21305
11551
101795
74595
93521
109275
73457
62505
79444
60551
1629
28218
98217
9290
96111
20488
46535
48329
40726
55613
10945
91872
83221
70747
100328
89708
42462
100263
64703
59489
8980
12546
104880
85669
35541
75155
32557
66899
23286
2033
103198
71030
48737
75713
44237
92745
42747
94695
34896
112734
12112
16546
30400
80670
63348
12131
11678
79538
15412
72138
113111
29794
104956
25555
69249
61168
28105
47967
107585
15083
63414
11164
7109
65252
12060
86469
79833
87784
39668
34750
77451
34876
28527
34159
11461
7124
58144
85976
100434
74214
50845
95418
35017
93285
93656
48419
77806
62132
105434
58615
60916
