588771
576336
522706
584993
1045461
382191
971323
396285
784050
201780
135127
852633
470525
1023764
124201
358978
1161109
930510
1130779
305503
1005273
608457
1174576
1054259
1053608
27597
467843
235761
787636
688763
376398
666759
48126
1086024
218950
972981
864748
119070
38595
731174
458247
35845
178893
143026
460466
507054
122221
1047364
1181345
415335
482893
235271
45355
1133368
575836
600305
382297
1128989
747063
1113830
1165231
252032
1172953
719993
897678
1093841
713030
635970
1101149
237009
353052
139468
464695
302958
818450
207952
411299
575296
39705
1086845
735957
366779
250391
322545
799465
766148
721576
544530
740946
515455
681046
688435
325525
1000122
655136
216720
1084954
616389
103907
614050
666881
532518
603668
786355
1092572
809412
422514
595664
595692
757670
434115
772515
750254
1090132
774752
491382
428788
726461
266783
1063493
1044043
1121384
393168
636614
89200
158110
960545
1079600
1120731
492779
536463
31343
534350
260434
178945
544002
488980
158996
531655
692439
1052312
241683
1065824
1068836
588946
279999
912498
2493
296291
1110503
1025884
712043
434696
84763
963388
1135139
1104032
821206
347035
940135
1140996
614557
417355
512131
158493
657566
773497
83758
1128304
933298
835520
719178
1096647
397237
925002
406364
755455
1073906
959819
380232
302785
1070933
956618
60301
391323
277783
319428
727681
655241
438282
678857
509203
387342
1004326
431851
859117
812698
627038
515853
90703
47252
1180219
135357
988226
206065
906922
169555
605342
323081
729503
774016
874410
600782
758704
436159
177071
1026401
49674
282901
472642
730542
1044303
1013958
172888
899491
972662
563652
747846
1073002
542556
1087329
395467
221386
851134
1172518
414942
1048579
29982
132982
909882
400843
442041
284162
137881
508629
126700
227872
307714
55458
155743
998131
508308
175
972951
1162617
23072
174180
573968
680617
861225
605847
1132610
812178
1027540
103924
466839
854896
681220
80442
920512
713350
283366
62945
449767
302724
117625
755841
497597
661407
606090
311108
297641
286424
260100
541171
1003123
380977
604007
41718
478533
921806
444314
722458
316832
1050885
724681
239070
29243
820334
1088235
269170
630929
17776
937698
150148
626073
704998
923649
587404
182136
1006842
612376
314035
846379
1152207
1001163
464530
1089226
689651
21562
1040330
355055
854100
783657
1083614
545241
230362
366648
661219
477691
120905
443585
422493
468253
705582
541651
604101
1148753
744617
980816
688496
790143
418108
513589
752035
607268
807805
343662
653266
831494
241059
924493
35890
415954
413956
373168
521879
150956
820006
114234
428704
112616
758699
588951
1094936
973720
355766
801243
548675
977207
53469
166429
1024736
213123
927837
1127144
633102
854166
1000319
120875
481064
563166
1049356
299314
892833
1015570
318593
136639
920636
447609
622158
1008094
401180
722399
1160889
1134695
68697
933613
68373
778406
320378
796911
50333
982158
339618
149488
1029633
240540
169476
452545
8724
866738
300321
91004
772728
414088
671268
365240
510098
531495
197149
398715
583813
207999
1093680
925980
355451
790113
814219
301097
696070
646656
777615
280705
70486
69808
73967
294581
623327
161493
560268
528643
471928
225932
887135
1010366
146594
306526
20338
709383
896748
771818
1162126
414315
870432
54479
174625
923980
79656
246067
163058
873382
78081
512083
201649
278647
58564
370142
1020955
1150987
96420
533249
919546
518494
224961
152341
922557
1152914
1055314
686168
223032
1128787
621424
397092
893002
1033603
906238
1114713
206020
559908
907903
290162
808858
707431
734364
252240
157636
246399
864481
28509
1134089
64667
1163744
394928
1079676
314338
1138889
898410
1115033
1064735
264408
876695
9171
50776
799611
381083
1120723
482446
399415
1020450
684937
619349
399786
405117
511090
1134720
855440
326701
1056759
716484
26617
140475
1052082
1068795
215240
276052
1056767
1158326
983257
104835
537040
1118554
306428
784988
440795
255573
305487
909044
784399
372985
933782
1035090
1056780
395955
715230
728227
1106910
543240
1118733
928580
156515
263892
399831
717056
1060595
317819
599220
1119194
805557
251946
753091
210686
279281
727980
353175
847336
182058
47102
667406
69557
57648
67371
372895
603431
339504
543291
81326
391077
469986
570688
686550
459337
65482
1168769
985207
258301
582239
630794
1082255
488191
23839
553128
525585
673569
133679
972826
1110172
567124
1087628
293156
671045
219127
959071
255257
263704
954544
742487
1169225
1019684
349829
143572
304617
725319
920657
96778
824881
26900
1170616
873663
233018
395289
158345
94207
934577
325127
608856
788583
397516
748285
552081
1152018
634732
281160
884770
226539
697679
1116916
703688
1051124
176884
343045
231119
614783
720161
155505
28270
777097
791240
864933
466105
1130250
218260
693181
599539
1158033
1813
845030
384477
440018
848208
864604
5527
864997
1092040
370284
413857
1095805
448203
697850
911334
826967
478469
766328
487872
987170
643271
520327
1084011
1163697
599645
767005
351663
130617
294473
803336
321826
463187
485084
580142
174021
801072
729871
1112839
858970
1081084
567445
136157
141658
901957
75046
537179
430614
452068
431966
1176675
683434
1126788
979275
842005
560718
1107229
890979
986636
472026
1028429
385182
33491
171187
938065
305455
67298
931901
257010
404463
275263
931686
1078025
1004869
704411
1110276
188868
890277
39603
618355
665438
1136423
66085
925100
879366
938281
58858
217897
787764
1068365
185229
401105
1163685
660507
811090
397681
77732
543869
153497
169927
802369
889501
343547
565453
665398
990606
848940
745660
708676
72529
282614
158844
576669
1170762
907851
174185
545199
766224
724352
620922
888563
86925
754989
829491
111967
146486
909518
230929
740324
172209
175845
419700
976136
1158987
428142
384821
379501
46353
475288
957950
1145269
39193
1045972
865455
662823
906822
1131951
686944
406169
100100
794866
225274
348451
302304
1165876
126793
1129878
885728
222790
372132
640493
30946
356291
260209
151849
213877
387056
313918
364026
235383
5102
748075
868392
509807
53816
567638
285770
1143611
512638
587612
931466
1069322
33395
1165320
1045248
937462
770853
567524
327054
386708
9224
1085271
120029
235308
392444
1050148
589326
1031764
973879
755039
1082336
888410
536474
116599
877160
1007735
553148
282313
625980
1149467
693259
460068
386898
675822
470320
409402
667133
575137
402717
251082
1163001
527466
339820
747201
991054
402316
148465
1060496
65610
716923
997612
324659
172645
900682
768353
364716
549238
1016349
1093739
397957
390304
1140220
334040
793096
875008
481139
124681
805300
742172
339662
945652
252725
536622
1015195
856868
756402
891677
865167
796331
36146
609390
323966
205737
471488
1135776
1117667
188453
139878
514872
1107709
763961
627629
97736
893356
596170
1168583
23503
435074
662419
823854
205001
1005083
1129673
279351
1069251
218585
707018
1099663
658132
699659
892208
1033640
893937
690488
1174323
740268
892456
189191
1132607
691598
115721
175063
101138
359377
1080707
734377
735109
219980
1119254
148901
810848
141478
1080017
574693
985244
824604
215876
417296
855890
396753
536448
731114
937675
814952
1010130
543003
227460
609093
494332
369925
459653
907830
765828
955891
1163811
505786
1003628
338856
667430
1025791
393499
733348
979163
1087990
329603
825833
18482
15678
529043
900125
313182
1081705
181159
85488
43289
426057
557394
272593
768922
1114617
1063063
865181
1133049
1051682
757297
458176
127877
1037671
728688
597773
214746
483331
832511
334410
1092418
253441
988009
604899
1140349
55704
4807
953369
227443
792050
435131
936744
734915
217180
974311
69103
1133618
83223
1104820
949856
459187
589829
1116202
294150
803963
290887
153853
247920
868183
541396
187663
441967
990873
318131
599164
97299
1150304
981456
542422
797448
635863
880710
526903
648921
150308
549064
899904
962841
820064
939545
516639
568585
107129
287734
216638
365017
928157
683746
287979
1070040
632857
466211
406749
603922
854778
1013740
591933
1145912
849327
860610
164972
789484
1036630
1171907
116827
967876
59054
1149321
611199
952797
762714
530621
765443
1075471
1069494
6649
1042302
518539
1119496
19413
425787
127994
740864
1155656
268513
140142
585747
416926
504851
102926
932262
902383
1020683
465012
929685
92464
746585
1161715
149885
856716
343880
617879
491081
591687
178347
433502
790539
448028
531620
381915
47574
181097
992112
235335
253430
887938
168478
907798
989887
149432
582248
828371
70659
901086
842292
947545
367373
5887
930664
3136
911423
469273
283879
979706
79879
864239
1089168
947965
645850
119566
1032433
952057
590758
604644
41669
499111
631809
1098438
163595
992689
568663
403237
601533
918263
616266
940671
572319
688164
904333
1111298
10414
1046826
713915
122635
469745
726968
670567
754037
633762
953030
866892
233936
275210
678593
242040
533368
886648
569549
7814
567198
885284
937343
704426
441310
73590
1160867
534741
115602
539093
243710
848939
355949
258183
14281
1041970
999194
441774
1101438
1170987
1108598
535122
530367
919457
38830
465557
198461
300392
202656
427286
1008841
1075733
1143648
204655
602735
972216
915066
788774
734486
474289
892920
1077645
585641
869677
384425
617721
220462
238666
20725
194147
873800
843425
332996
655733
547444
437777
1102046
223671
764339
431433
1012338
780753
813363
236077
642730
154275
885927
886524
936999
319303
225702
158732
403706
575385
954488
1177685
887971
1150393
362536
776504
104161
1106962
326927
389979
531090
596874
1028503
902589
304191
452217
469444
1171788
1161310
1115468
844522
257082
1019638
630350
508218
892771
593055
1042664
1170724
764516
44594
1148032
886915
432108
372611
460164
427934
1030032
219755
71165
132589
238794
406339
883546
394972
591137
703234
316195
77535
1048924
27480
442502
676359
453340
631097
754882
705042
216050
429443
774483
976731
491976
740707
296563
140274
460196
422455
517248
373591
1003787
149240
464712
1095234
773484
459185
661826
420130
350105
308510
1040054
1108564
240971
48462
970458
762907
1098816
319713
1076636
523009
412068
447112
495697
38968
119946
555757
240994
1123155
1179409
417846
100104
59670
440123
916718
313407
676044
433943
548433
857827
501102
196578
301315
1167263
519855
362013
857078
203793
921435
1176175
880780
186332
464720
617506
149637
1082240
783647
339700
801941
211095
787801
971845
1092250
451311
770631
109861
821072
480510
120018
368784
586389
782853
745359
1106860
463907
334128
589387
174573
687883
88026
361005
440185
741709
983411
661833
593180
25591
698840
650046
291741
362529
702500
741735
356067
886541
655619
1091502
254513
398473
296600
853769
967899
739814
566942
882839
693812
171888
1103542
870539
441326
859258
686866
18576
1175250
324780
1063652
555622
1056664
6648
775299
620170
1128319
1665
930402
718567
939945
71790
834475
980462
948939
944113
567559
584297
925296
720809
398020
9074
745668
950817
873809
304842
811
562299
362277
640764
562967
1105327
781354
864258
976342
721697
362212
125566
155582
297107
446759
601298
1174217
621547
442463
717195
898923
25028
403840
430715
344809
896132
217682
860073
970489
1057875
348
342808
591491
248434
451137
103025
863313
993426
876815
331212
926382
361660
268824
578563
274577
590838
962286
1102444
1135323
1053116
242849
819245
487321
303559
928381
735155
936806
1159670
141671
594673
462194
59564
656324
667078
428315
145897
409040
798708
335160
310270
1025711
214715
498968
828457
448830
832664
324094
1141382
963630
84807
145428
154954
444118
1056310
24506
418772
120854
23514
958029
105617
557515
668046
1048807
1004974
1147692
320682
580630
606762
948988
751353
141437
468940
1017374
848627
294989
646840
669878
292571
213919
347094
871349
247649
886609
545100
923514
917846
215262
275374
69705
1044480
1065113
578321
713032
602252
89930
866845
1160641
120445
646898
748326
1081473
978928
88083
886337
1105116
980259
603446
260334
96894
252316
284704
46097
59883
459200
238705
824032
986590
803626
195564
1020868
96869
393195
1012895
143021
780174
678571
616708
962287
552293
163906
576821
1127555
967503
324930
501363
457152
912123
583484
1088277
1123003
73210
393636
131390
756370
275281
1108176
1020189
670986
357246
807885
575713
1069294
524743
1072196
1049699
1136271
876087
979650
780060
745136
80031
135399
149763
159075
939750
861820
169198
1010154
1059099
253811
909114
913413
837286
17500
759856
505494
376967
941741
183237
1061627
507231
376441
823948
289960
1078360
1079661
709885
182669
835561
202638
581236
318284
10110
367118
32922
196660
314625
224302
84234
1113486
1173863
761658
1043356
1029229
52099
822363
618682
48640
146497
160333
586817
1142817
8899
833692
823431
207512
449401
1110346
812787
813310
635979
964151
890274
454410
6850
791481
361514
666871
1053476
189252
72437
340983
377622
92813
367869
1049304
215188
630419
888633
407048
716995
1084335
851875
664493
897391
258787
663451
739820
999392
1146311
392058
592063
461257
11224
817364
371627
541267
939888
502648
805368
767610
704349
939066
200191
1101975
358349
266916
474128
1030815
713645
958934
615687
435224
303071
820923
555876
910758
619003
205421
621878
538496
1167971
182763
1081540
999576
237505
333637
103954
1008672
822352
59940
114783
805229
1160900
68179
1171234
177500
626503
604323
373340
399368
546679
465666
188197
986411
123489
847554
920824
136442
530917
677024
913748
1066380
797948
417366
116467
853829
855582
935860
877419
144713
1055886
1067641
1098085
794361
624252
349884
570215
1037965
462161
251859
425826
945832
243775
963223
399534
508782
292830
921248
1125968
400975
537266
947588
728915
1135515
14022
222882
771515
1079278
485
598290
354907
816358
280786
785538
28144
1055632
742584
441890
516164
435925
485206
150926
1001168
1135374
716670
396458
463640
514160
849461
809050
73395
407309
838769
94211
1169706
534084
807382
958609
70116
282171
111026
858587
477074
953862
362694
214167
655972
496825
477274
1068681
313347
308368
1019569
1035077
412355
288986
148778
531127
1106936
259123
63787
970947
1058983
286668
1005944
416825
931658
855662
1071792
583947
912715
395167
791270
16415
736617
96639
663123
335373
982237
590170
296766
645525
205414
472489
1089689
787965
186120
340460
803164
978177
912685
668608
662563
467399
350698
1142084
129774
825008
475127
554887
494925
974560
542037
369620
694617
857374
157237
285255
753256
314135
420341
166097
448262
520939
650247
400201
918895
146057
766967
739750
1003008
345117
137597
330784
1107797
1039760
1014522
590698
262724
322574
937532
74600
1140730
767384
89852
290071
935534
759240
1080325
990838
46823
778625
707060
1014765
376579
621732
882492
155635
137133
435415
845905
311281
124722
987899
284081
300851
1155435
1048572
98484
849911
8555
1012657
280163
270854
1171105
257252
637429
642918
426942
1087925
449464
927883
245130
325803
41449
766833
664210
563339
594052
700665
280093
324359
687062
23321
596312
150053
825899
1166464
764732
102757
713194
614203
178577
870829
433349
964645
934520
909532
287147
1076522
1143845
1026378
264921
474420
714197
502514
1050051
539689
389249
987219
159540
881675
241434
451265
993037
844256
772597
362085
592047
710068
766912
751157
1019899
741786
450952
260070
287664
209722
501360
429037
167752
552760
1038116
72484
1113885
828828
1085154
929103
1051075
205332
793209
989903
755411
763184
757166
550609
608351
921960
2828
166209
978203
12044
969084
738784
318066
410227
587405
369429
713451
349430
1139660
450406
786146
1051346
478903
689544
397159
394158
250518
65439
839415
996373
1014925
150928
408163
913707
1030725
951238
553083
1024022
498785
86081
295843
526887
1003588
518056
837273
55629
1176813
588363
65535
618161
692416
5283
171166
883918
648045
591458
328598
208888
448244
651808
356627
932671
130180
671832
708225
142698
785220
515427
839036
1116479
854235
645192
989649
614262
1152347
103357
740003
561127
995274
496145
65208
605600
1077962
80628
825976
194541
1059779
244225
633743
705035
150672
601625
915210
752165
34558
1144223
745094
809554
935018
259125
827821
916160
523128
24876
237608
592098
405128
983261
1014639
569432
740451
243047
172564
1178793
808659
1008028
727251
618526
232730
820315
191136
69067
552122
718146
761315
591901
49806
691260
667451
328828
186814
213359
1127119
484259
890554
1010352
192940
620570
1180693
198085
364931
1123747
1029147
807398
600362
909219
413683
128780
456689
101711
553212
329565
678569
237086
804313
700886
471539
112320
490138
202562
58931
1163417
497721
34475
369800
901492
874476
191211
982529
954485
257491
73515
1136205
355117
1011518
42008
145401
1137081
437972
854785
253439
430420
933612
323154
241221
878842
413221
59230
1167767
62949
286761
1028108
1086282
916275
1174239
404023
180389
1111774
423360
274767
368713
1166642
177200
190388
812276
1112492
1178040
142531
1174346
419063
763201
146725
890863
1054606
490013
844003
1072242
139430
534948
533078
1112346
1124765
782101
526425
612980
886843
1018756
187900
760012
947680
936360
131956
223872
920773
902179
55686
749166
937029
1028702
225078
490617
270325
1073895
6977
629657
551701
951479
866001
410785
729881
402183
1167764
478715
687277
1016222
771674
273435
892851
793534
21307
1068753
25756
993575
219951
835455
337721
176494
515017
10162
80225
505992
1091988
332366
998563
13911
500579
1074735
705250
42457
51550
251494
304650
963718
658334
1175977
1115674
41026
489528
93232
738759
628829
659889
925444
668857
407522
258580
1105129
734117
1114402
1005365
1075470
803289
1177357
121771
449109
231663
1066449
709576
693183
631179
1149760
58771
695869
373023
541250
1114276
193414
764742
193385
447978
334345
655328
695351
788536
751529
425341
1095850
892086
981560
169876
70288
864736
646516
948156
210244
704010
790643
165666
628448
1181390
324015
25236
419067
524800
804373
1032513
276806
406157
385263
887434
1085906
728482
1061116
828653
167558
425988
163373
703044
572800
572869
455606
99698
96557
16239
834408
771007
381196
1182780
1121252
446613
442743
216435
112895
414048
714042
572431
450606
869200
228582
1073430
878170
411317
291062
224989
936586
352289
1004982
1169189
1137147
977487
758027
31900
974049
895103
654050
560975
366768
1050290
75057
1122693
1038871
118703
1142754
263800
330194
232350
84079
885726
626416
18998
685956
867300
779077
1120810
134014
746439
281291
149186
288282
1110187
233497
401360
498399
564206
821351
342283
615205
292289
614915
601699
741233
19146
181410
199653
811305
471696
49359
336027
959337
386444
527923
304570
32182
914667
422466
646127
978009
682901
251015
144189
241951
57488
833895
744094
701627
754715
40125
311065
122092
74402
774195
269598
408172
195320
705136
50979
365683
1055431
895970
77692
385622
242312
577637
955311
385681
475444
1140482
330326
1103466
300842
915836
918594
712409
1116464
503630
966594
1011154
191296
158763
1111957
1156530
545121
908561
37613
626154
228618
515241
506906
335483
484551
424754
1047011
110843
971921
480438
424012
416938
953009
826023
268508
750646
238533
206821
32411
170518
673857
199832
948850
269321
1115005
1030573
800306
593354
469366
368051
749408
701490
995233
303290
1006462
146507
525344
941622
45989
100007
902448
910560
691375
458168
802052
426748
810244
1121141
147660
9463
567839
950329
219517
762723
555856
103394
78492
494375
371303
212405
807519
190960
1068759
1114533
969204
87132
408746
964944
480576
687303
1030869
530092
213089
802469
800865
449731
425602
924929
161572
490950
947186
1047946
1181087
894478
249157
353850
890720
508190
461815
876544
256775
491814
497857
133083
1082697
1035755
748141
75257
911301
523050
396330
929789
43968
1085375
746178
489321
507551
167103
181902
634518
924663
1119318
130034
185924
397534
870203
1072904
717104
807777
501951
276053
788641
702519
87352
1116124
700067
644174
363251
735570
947967
458710
680191
457544
491142
608010
1143762
596571
396379
790933
167017
911472
794515
897904
642314
707370
808197
406461
930129
88064
888598
933883
138020
327165
980378
405078
210723
384080
475551
983060
355247
1136166
1161948
928663
1006418
377542
486272
654170
678328
234597
469074
10653
480032
32753
768917
552968
8722
494703
958510
914016
509236
793436
537246
1045067
129643
216116
615451
1155377
663068
370789
836374
150266
115959
399423
781894
578262
1115556
863102
529560
1085265
798881
995533
146412
719778
585862
253573
703179
615266
708098
826660
218173
844708
1030073
1024289
86335
623897
186585
184447
179947
862915
812608
410536
1139061
1038012
31488
669922
271553
479060
1166185
1006542
822958
745994
396220
295845
668254
978075
528430
1000383
618306
767650
566910
348512
370622
994290
235232
877439
243459
960040
371016
1032466
169400
1088046
43705
1135464
788575
1048595
180103
220748
585014
1007064
1029218
320756
833422
102580
1076486
478102
262457
73734
453337
694744
638847
718492
394037
865915
575452
849979
828159
281176
1144625
103441
324466
1167554
190906
274721
468518
520729
96446
995356
1091669
150447
329216
538829
684323
94490
482170
145583
428584
926272
889860
447849
815937
292153
1065975
495919
1117800
976900
277959
38543
306996
1176002
138686
646302
31266
242385
979769
618338
1098060
10028
463675
923760
128909
951542
580534
60825
634476
397546
660202
441836
1014637
485753
937540
261071
747262
287455
820087
361481
23848
595873
748871
1047346
53483
165647
1160091
258475
991651
141147
1176241
213115
348352
571991
1152173
915524
563176
1127217
468961
228402
1167564
1145133
551702
673958
138805
755403
83106
176091
1041193
656088
583318
84633
782726
119260
85387
468560
142073
246658
273888
103710
200989
481118
322821
714536
545972
458062
1159797
777737
679605
73809
104492
954730
381312
131652
418469
734770
676975
392327
602261
1139748
886881
427508
98280
1174659
266476
1092402
459079
272356
790896
76505
310642
944126
181166
883476
548665
106747
637524
301037
280019
516913
285828
313287
301317
947871
106038
656519
161231
40118
1014057
779029
771010
662205
81789
528317
923999
224133
178452
715093
601317
639556
656677
863457
450475
102440
632634
197652
296996
316944
734062
892399
538744
200511
853493
212714
883105
238959
459781
365190
27399
1022605
452996
509522
1001237
321595
719557
909631
1150222
83563
166110
167358
432872
825542
744388
924154
1133708
331551
1094328
815784
558657
615689
85411
220275
1101437
515628
272669
323265
232666
728790
11138
653069
902444
1043193
108787
1058534
432598
234851
686276
506854
156047
1121480
824856
549566
972318
1135851
1011909
143786
554670
852360
878724
190244
515960
919514
38347
51209
795377
783823
1062924
54925
739361
646432
398538
685132
1046531
1119271
972129
328060
1007194
895646
709437
924917
969176
541839
329541
739948
94817
1036913
761909
362792
55688
579831
984036
1151216
932344
1082158
476512
1081168
211762
649790
55025
1168780
1101589
188191
366755
975344
377350
1122142
77398
621137
215375
88538
669442
937944
494414
1072660
365254
935200
318954
527488
766451
358093
211093
895692
1159012
818948
492970
537207
15892
1053899
171828
258797
629880
659080
1090376
993092
390633
440331
148094
908078
1051201
969139
1142363
287794
440510
634296
466431
300740
1068000
939969
8483
668261
962745
600530
401961
1059586
802441
886350
479761
1124795
1169914
567548
397415
254328
910274
1161866
987784
791764
1036187
761278
554342
1078815
232199
981994
673015
432988
53673
481076
1028755
1122801
594547
869384
1091051
641728
1091876
256278
437116
62524
520062
389505
150968
315096
878595
976924
743532
1027573
1111454
703801
902170
839925
511269
391735
144439
50115
345331
566013
904678
933909
803114
828
646896
743346
839288
1050812
148696
172021
364935
101927
895713
1142438
689161
986211
743352
30671
902479
532479
198789
743108
790177
513260
220447
977792
650155
345119
349784
342673
1030468
941647
293895
162946
280962
740205
1054336
1061004
356717
339764
584814
1102694
562774
896660
437946
108364
1068099
14096
552476
693758
1052461
185515
389085
680102
406494
1099497
136024
1002860
719950
1011949
1165736
178817
97514
79212
147221
1075027
169434
100423
378320
630
1172523
271527
876111
351617
678935
633834
729628
960849
24995
257255
963542
815610
148858
709985
380681
895301
947821
392937
840726
747741
958103
1152373
534640
63963
1050989
340272
1173783
82406
987383
664271
970838
551698
6829
412657
463571
232593
253649
1136292
4332
237576
503467
578086
731748
563058
1077192
778351
533962
501199
374014
843553
1175887
69663
834824
877229
799274
834282
829816
828403
721085
657191
1022127
608109
883322
462032
965865
8324
137076
1049424
517774
258617
162503
847509
663671
434515
628788
233906
457949
285230
947936
184345
118871
609366
141197
523556
196443
1058742
1125191
1159416
949706
1167056
92206
600258
194534
389751
66722
1084434
924887
819999
743830
461935
120360
564349
621719
1087011
690774
208628
339053
265004
1012770
767382
502540
600243
964472
480073
417805
966518
843086
1167866
1016377
206082
239231
1015542
995633
503405
604825
325184
602239
297913
426633
237255
433242
780203
498742
557721
1008893
353546
420642
546997
298097
819622
560935
762279
488836
1012410
3484
577014
928504
920797
202477
300570
23789
906780
905480
191692
472826
872869
276062
1086498
458653
436476
147723
533045
128654
589991
813987
868737
149160
950545
893014
645285
303590
88176
1079308
477915
227407
115391
518755
1071985
929052
867622
338574
530247
1014711
470361
1018726
711835
430762
113104
426037
50274
942477
86678
477976
670310
407884
992465
659429
547796
781000
894769
289619
334425
843246
663520
574065
633388
809114
1047238
84190
921834
693504
955918
973684
1083691
56803
797112
751979
604020
665950
75180
394780
1149428
550913
154406
419821
865896
76995
919721
651551
1120480
973377
679053
280381
431683
153045
463266
276286
704281
801331
261927
554022
816849
117615
35032
30726
82611
790586
658112
562258
1165765
1045974
842838
758549
161359
147668
803446
507747
139768
1036427
395807
141954
836534
689372
1172575
807513
1024637
87907
592164
727186
402309
522360
332219
384657
945724
384093
131365
889013
127711
423407
681346
7562
570077
36487
387555
781596
43501
813572
1108955
850282
437182
1081016
828073
636736
755197
103608
153261
981169
916654
424364
1104733
690292
621896
45500
813089
681360
415236
915109
627964
659101
1141760
569461
1026392
242764
1112825
927137
629241
688772
624479
95223
673089
559107
816241
1028189
965598
261023
1174012
677884
835107
295158
430544
991261
738401
239966
201569
369076
812492
903726
522974
1043864
1049878
190117
910304
419332
776804
773852
894724
888845
240229
242675
202773
543875
287650
570910
564738
544354
900652
424834
425530
17036
278314
1059421
296284
653212
597939
232046
749580
229380
927254
161594
730723
432358
335406
1035583
1059283
928052
322888
734871
188548
498328
375344
940312
584353
785829
698669
692145
32587
761612
682436
936823
699488
354492
970168
1119266
390319
378168
917719
961802
492953
939997
856492
648372
791842
651958
765187
482775
930260
751410
945236
874582
234131
571702
538095
718514
999786
66775
1092486
1048836
587495
718415
861572
296375
1024954
357369
658699
819663
408880
276249
698469
480965
302534
504628
369915
678454
209780
1099962
287405
61476
934390
218865
532822
1128252
44321
514493
1054258
302111
142513
817938
493731
293840
1023573
856435
195161
422486
115080
800080
17542
582299
151453
523080
624389
1153334
830726
488062
532629
265039
573302
90774
438369
264821
903462
831042
299326
318047
1016474
838390
328108
407771
296043
112253
790923
1084193
1176075
669278
999817
222378
192820
861915
825060
362811
1030598
952436
308288
522026
110671
210561
929321
901786
970108
1054487
87910
647715
299771
70266
964268
464010
7921
106403
20368
956693
161624
198713
1008133
503217
330751
242924
156003
816570
1107415
1057951
824769
117966
495676
96914
421951
823709
1068888
971374
873371
463227
228672
35945
133094
207826
173735
111298
1087969
647245
189361
917607
47579
1165938
666280
998551
1102951
1135044
824019
928947
1110381
497699
444267
591013
1074004
634789
792321
1124577
1077650
481438
1049494
498658
658435
883193
100817
358002
501049
1073232
1120739
547638
845923
1051508
1022965
766641
726511
689019
542397
693855
709128
207920
982324
396649
482756
1070489
418200
290446
117421
4397
754148
291918
909337
239766
235043
720514
869871
723678
882104
1006061
1097648
955687
131242
324317
668767
234593
1111555
1143597
957367
184540
550946
94879
653468
882150
578518
171979
477702
331104
614983
1152464
619883
616837
448049
776439
839884
557340
487525
1148290
1153845
188954
832311
234680
156263
348448
581794
218319
717540
1031692
785725
883015
325198
171331
868991
523579
570195
560328
1108863
784257
186622
621197
176203
533955
962323
898209
644208
60443
732817
36774
657788
610001
834636
367568
734446
622112
439064
174164
1064636
570137
213554
199964
579054
282602
269726
15385
23290
552538
272514
403109
332132
925333
708248
646118
725074
828494
1097529
965260
1010437
88835
946121
190309
514194
959623
518946
803560
871055
1049499
824058
1085544
1065959
456176
527955
180968
620026
696464
1162244
581901
375034
660496
958479
1136711
229629
254668
982591
428263
352061
1068363
7007
43344
233549
127643
59078
549929
871949
797438
302181
865656
161425
365849
994056
834843
428789
247736
575159
1020079
866137
575026
867335
265589
762304
1012475
566134
394066
206271
160483
540021
1141898
819146
967463
639086
346840
372708
253598
1050721
279149
516992
470170
94664
18284
995970
136497
1018341
225370
382107
52617
978276
986818
1153671
343354
878401
384316
110904
220635
373829
488851
1127659
647411
766647
1141874
330065
1124084
1018069
271626
401200
211528
398579
990395
196878
492959
927764
1066395
812
775742
147146
284336
870059
184352
109521
463997
866534
341679
487947
448922
15570
875588
932409
511727
957874
798252
563374
214215
130341
1055659
267603
359037
226638
772649
785270
656631
213130
971709
269682
334626
303109
1110147
49386
296102
393658
1003036
1060824
808300
379789
759745
28611
717595
159407
1117285
276430
923046
73606
372787
969364
976526
628094
1072289
35746
996788
415125
507865
1034294
360360
35611
882633
1091465
551922
221146
1142427
554354
1059455
1088344
1175818
1167126
275519
61088
938937
968033
448245
262604
896196
54583
305424
545168
104424
984784
462989
373703
718741
509238
531549
860170
462187
382672
257773
474706
149570
677886
794403
99914
160502
1066127
127207
367376
123047
1077709
31439
207747
1004086
760837
1060087
524505
787485
93293
505885
401058
280004
554653
272731
600648
1050847
990790
175137
817194
726502
529355
113987
845852
697208
82816
492064
569338
672878
1181881
609312
150593
90782
480133
2652
890364
378254
451394
797536
937703
517765
1109108
995517
553240
952467
1033186
486256
202790
613699
630133
847637
605408
875698
889385
42139
1153363
671624
231191
1102874
1059327
453800
83213
6792
507199
871893
162852
216467
722424
696384
1171279
449501
134648
1177549
296343
755789
293868
621714
19551
929704
556759
687655
544542
270148
523836
104927
385357
554269
603859
913101
17033
1160765
854868
533323
863544
727768
264649
857706
1175164
93178
1160942
66802
930401
429353
994443
9861
787416
978960
1160857
1145057
403931
107203
13587
108261
17957
562308
1158826
928612
1028060
690353
50828
639520
58537
382089
1001916
564134
1090342
692930
31695
636584
393057
739985
713033
262738
1134667
599185
420090
321764
442801
394094
864953
309980
1081045
995553
706023
1176509
310650
375457
171006
696538
629812
676850
559889
415313
1133018
879902
933427
505991
860424
1062543
1054261
187848
379675
932204
36250
68610
799514
728014
1118457
464754
421542
904778
707394
262299
1072513
662551
922733
1093840
426058
1016280
963434
517421
1049274
80369
180406
106686
484027
537374
332411
237473
712161
286298
631238
879473
787668
960336
889316
461586
107772
751804
628637
147587
229992
429943
1131074
706567
496598
246890
254257
270586
1089234
1182598
369568
189523
352422
134906
1009897
498954
696557
950013
984425
4539
457408
1076324
629765
57335
1139897
1023614
432105
838900
374130
824103
989574
680256
218129
138810
117677
739520
834283
1135599
1093382
417691
1163382
490577
971489
196649
71828
573186
318629
836772
835785
202246
964591
177322
371199
951259
74989
1159643
701652
746897
1138932
1138473
1131399
874703
693796
650666
453609
921243
864471
187580
996860
669019
1028213
1183249
1061605
429798
687764
396508
177030
1041624
487953
550711
154730
792637
1148442
708794
1067080
853124
26388
29538
355183
348355
745796
695389
542863
862676
1161736
800587
209797
240613
59857
118015
357689
979676
662716
312938
679863
1137741
383244
878491
1164549
688424
424153
179347
389471
701027
1027106
1181552
561172
916933
374475
977152
682336
259883
42772
940107
62802
117976
888167
225320
81387
93717
630188
195837
205535
211368
922200
541572
382767
399473
5371
187733
994398
413004
17130
230424
113042
519953
166508
177371
265956
519409
351037
616400
392545
604324
58803
388315
555518
747038
312408
541015
410207
940104
36784
524437
1125371
859106
24690
312734
973971
368676
792117
726734
1117713
910451
525772
833844
91234
535609
865995
489930
478657
1106030
880955
651409
638774
523132
191936
266254
1142321
11380
253051
851536
396181
736337
1090834
461058
397109
675722
700990
975741
455715
994483
254806
38925
165177
2378
857043
757114
200586
221863
368119
557772
445633
1137392
702942
601466
606740
17910
218786
1029896
251055
901900
441902
64980
328886
595398
578572
916764
635747
527042
668349
776715
87484
670016
615466
1025472
777569
1118192
564177
758928
950625
886552
610321
844360
520622
230852
738935
135692
578469
490627
873882
191748
35250
1028688
246699
988535
758837
107751
512566
910628
902485
636425
319144
177670
11144
675605
152923
275463
233337
11427
689958
754926
1087934
931472
597115
315062
357803
1109273
767537
1142736
253607
175477
283620
326291
739851
272710
653553
533950
397072
835283
373100
667586
922843
950549
716012
97678
965198
243400
955740
1144328
378132
481249
140674
941126
948277
125302
838118
334234
1177537
896778
1123988
731582
277465
352424
613138
991674
1144278
182707
321608
922408
977702
556308
162917
269526
235499
919307
656567
580527
644601
786170
876001
821124
1082672
278828
9561
496615
529839
591053
631416
212078
689587
127767
935812
278709
197567
72770
920728
120896
266544
794630
363546
196103
1030478
194150
872893
694213
267392
572582
653832
127630
148255
1030254
1125333
571506
596410
10251
878025
453229
240076
577935
463028
1151784
801007
732221
310380
600262
1058128
869445
368115
944055
143220
508406
916263
735771
378423
942430
799952
251368
513728
1087373
162453
515232
407875
435977
261130
664053
650437
977518
27338
719863
219909
53308
249549
435748
435742
379912
786097
348899
1073527
772232
311503
27184
501381
512154
24914
224020
349411
394095
327647
701356
523725
825598
1077013
790705
1177220
621832
933676
1044246
849075
100482
924199
1089729
250183
825410
1026213
492113
543390
1158465
683418
257102
594678
936495
59919
465137
1015565
912449
336419
36794
933922
432735
830029
52150
1059763
740267
492560
709875
209648
521599
398370
372702
897250
801396
339294
42131
61614
384315
866287
499677
957964
200509
1153917
99453
951681
136613
223025
1059627
49564
501902
979283
503013
84344
788786
1003679
294083
240435
1042321
273446
145153
74256
786314
776482
582623
187751
290839
589038
440816
823908
462234
156272
853080
910025
159332
1126872
651962
949235
191516
412116
1092769
698040
1161169
468166
478523
399930
224819
719641
783496
767839
226545
736431
978553
108953
173044
817707
729431
575629
321362
366460
280264
879636
64598
85082
127712
230878
483284
965739
590638
570567
852593
555578
1182152
3753
259441
316241
25943
353038
977583
617103
363520
1174415
879358
25558
889762
742490
1168150
249046
552198
848247
776625
476448
957834
67987
674744
589967
486851
157221
860629
646765
911465
80209
9624
592089
1165836
133408
423437
675821
762281
948172
431931
808224
666391
808939
1070348
359111
939684
990003
923850
403638
750808
1151404
335186
436384
779528
876249
669272
1169884
369831
369777
38809
1082889
831551
992095
728763
554740
235657
244789
500596
831595
588715
1169129
176040
1038461
93187
987389
1166446
1084964
818310
178182
918335
918663
288984
911655
1137260
361011
58974
371208
824098
92520
361494
1028419
923409
402148
627193
747423
127402
958582
849115
1106538
426118
370657
490806
79209
586936
735464
301212
844450
1122437
98274
919661
577650
763924
485512
420052
431949
531080
95231
503774
116630
636962
553394
972650
114654
876860
7464
597643
891290
537921
69956
50523
936591
1101910
317048
259667
553153
130033
860941
956916
1123731
112962
923665
250354
302390
934317
357788
751140
432239
263552
644694
1047877
1063118
826431
496814
874873
802957
928081
1151163
853347
54138
263819
483661
1000235
433550
232835
450
1150168
923921
369816
665480
636570
637712
783740
382101
415990
595386
858391
1094804
301136
916798
1028767
1040365
1009949
193741
395954
531747
537078
993966
474133
544031
723997
288892
712276
27820
620889
574765
1156174
603022
1161102
138950
548364
740424
612232
353142
1062102
351227
91736
993946
701186
127807
625364
295764
164920
393836
556556
355045
476407
1110527
986424
346285
281774
283621
309200
238401
1164643
223706
494747
712481
1084470
522241
565471
1096901
1066957
510690
1046417
96513
632495
1063058
915317
1071749
846369
644297
772648
143099
160890
1080019
428222
397849
835229
1138214
430243
1037618
788006
921532
867344
1168648
229698
138498
871784
374865
341787
1022701
451707
957295
1110141
712753
927122
43025
451831
358991
300030
610754
175832
621852
998196
342768
22587
450556
752651
236284
339108
924355
334654
888649
95382
335882
37981
938194
490572
821549
426222
1114594
374579
852292
58914
117647
1101630
410860
168088
287414
1115967
1169471
124105
346003
261350
790725
1127984
1052501
134567
171321
603706
891271
516227
471580
789148
1032850
612236
544985
451631
1067499
445381
1087113
435644
627651
385463
847992
565485
341743
808593
349269
512912
708009
698016
131342
399636
1027721
1150452
563657
7452
613949
548358
927822
176643
554302
837438
65705
694700
593353
653498
61925
696477
260316
119168
753700
462487
1060910
803724
729731
866501
1174742
827248
319814
344893
326211
110283
842429
303637
164711
879729
863034
1004474
14961
104333
564815
855637
1062117
600297
1136975
797891
571260
178673
972242
783806
553608
1085647
809220
801324
149306
182800
283665
1130894
29147
586242
228767
31566
261915
705792
13355
961156
380535
57235
647043
308123
1040943
954119
803677
141615
777187
805665
1094119
423333
358884
514346
138609
391108
762755
125655
732890
761229
247328
908919
985009
266933
937263
1025387
176170
93144
119745
900162
858066
1143022
1107044
1028777
657199
561757
1138507
729950
58523
483165
126516
448812
549696
811052
13461
93124
343468
995228
1105474
631082
711766
972087
31723
631779
984477
765141
283137
1073751
124898
767570
304011
1171645
774504
1005017
499775
434105
684218
427574
1136809
395972
275365
751024
290336
252931
216917
754211
316082
411979
1029156
277214
608049
809683
212203
382453
722719
505001
878646
136732
22989
1157899
777938
513960
650020
830157
185225
958165
81450
955081
734660
670549
517354
340516
683995
60522
953486
132025
728057
300932
313003
457432
405404
26584
104911
767221
215246
235688
565831
147256
754728
667881
857313
1014199
661306
312592
943365
394522
828408
386599
1151715
391651
688690
472274
340995
605698
790641
693856
1000426
847220
950137
80457
933453
74583
578063
35606
810119
172415
782278
655873
925443
1123561
715173
636027
18980
1003914
947359
1067964
597271
31072
436183
1148451
305619
251919
1173862
256617
951455
867800
363435
1133751
463491
664266
591724
358044
1241
1022911
909849
922147
582754
1041783
652839
220129
932082
155153
560305
69794
291117
1178475
524782
707994
693510
1066199
141228
410682
819165
171066
78937
1081885
789036
801684
1084134
694709
817628
481077
734596
856226
170137
248147
582729
446123
426597
1107589
745029
358663
471897
966385
735815
723983
180813
119492
242057
593287
345721
957796
758004
469720
59524
455769
617191
519549
405167
679126
773101
653030
1136098
319722
189391
884880
243084
818819
704820
1001361
690875
482366
579720
619402
901986
975055
174546
315956
193113
1106396
719550
669670
946858
908843
668041
1167354
507419
266257
676279
764499
187988
1180604
791209
615076
727977
188600
959718
775064
1166976
51826
296698
496490
1122560
854840
226615
246188
128201
822539
291031
499795
252199
597521
1072940
290364
406445
1080044
1143829
1132652
926155
51290
437788
365063
405929
617588
1087236
386521
473252
504915
810625
259751
653460
295801
1067337
298681
780899
274694
167878
542870
1129960
1018556
989371
555123
14065
448035
419327
195962
486410
219206
978359
480903
147924
539748
936518
101095
525174
1015471
667681
332552
947382
54865
15591
691969
510799
918396
619130
1036460
471362
1053361
769944
416820
466646
633698
331559
99015
179894
681443
904765
886202
225586
1164628
1144233
539023
429078
990413
1141743
910657
91763
1022347
34752
683053
3742
1032925
39492
8323
4759
90580
122782
83741
346330
500039
40451
78033
219862
805606
188445
116127
958579
137057
1146082
308769
132401
361503
1077789
33797
1067029
736084
1097163
590444
711533
756119
74693
1030837
112219
1168047
252631
712301
438193
741970
1040641
786103
425847
421707
312977
415348
543292
505291
648402
211253
851737
323756
841788
1072546
259299
679457
861658
669915
407781
1028385
376313
730281
1107403
714190
256151
847429
73128
698800
127789
407157
782217
771146
433625
940982
902190
843833
483558
641872
1168112
554438
1110966
864165
366073
337953
250219
939725
1139610
33881
598532
1028139
317133
395759
472613
900317
382546
149623
1061433
7207
382357
298117
152115
337593
558337
211457
59043
1118502
49592
577991
595359
903588
488383
281514
865920
725728
918178
771826
595277
490235
1160542
1085361
35047
1151278
899657
1017101
849970
676352
432662
11244
830636
830072
474977
1136418
839049
328908
71091
959172
21942
15727
664990
924967
829614
853130
1076711
590228
159325
401041
543495
830962
349541
781212
804770
960099
702402
153119
95146
433636
154737
802461
808766
1103212
529886
74329
493344
159324
144943
845962
1085398
1159673
102952
1008709
1002221
988358
203382
394607
769556
653409
94032
954543
79899
238431
1116693
1096779
919993
20208
1004231
733954
984862
917946
160817
385097
842227
1039554
948063
94372
134212
30586
349253
185195
418444
550265
441615
686667
1096554
172626
200926
310889
661568
1027189
694457
459459
1161282
266561
235739
278463
594853
549995
1165621
357167
520313
267789
295040
577840
1028949
149478
1079956
824384
672262
751328
773851
706886
400809
879588
234390
665475
138082
79820
96445
737787
808228
817715
499290
1058992
628219
1043678
144339
985394
796556
920579
874966
38001
135894
493283
302853
232921
965950
943997
661109
54597
635336
1169470
968122
317826
955128
1074541
652332
301159
155407
586609
1134812
244554
34306
335403
632954
139385
662844
783640
892347
1066360
403489
522998
576129
138595
1536
465038
128476
77660
626262
244708
997888
329368
946354
678610
913631
785183
898856
1067396
1175105
890102
145656
68134
430037
181572
1138757
433840
493238
1038914
852625
955889
762952
384484
711253
30205
276272
136385
73494
343200
971606
122755
180975
35895
741574
408719
793269
972539
214542
944314
115049
833697
1130087
101070
1099481
548574
312901
464795
112582
658035
433721
691478
832748
203990
466681
437497
552525
579355
1160691
761147
403460
300537
576989
869364
889402
191504
746378
693755
590921
471421
192291
375323
435791
798359
348113
451569
805653
801590
994109
721496
417185
692110
820662
590348
594823
643263
677181
803795
461892
660407
223541
996414
1169375
838755
26024
372072
319205
1077211
156178
101720
722837
336972
565290
133341
1173610
591809
705773
370049
1023296
830484
546657
121396
758703
1163447
365542
48498
36531
1094926
178467
1174435
607766
465880
1016045
187180
996738
85615
802634
406431
902790
629260
1017626
688574
1091694
699267
899907
1177747
647986
983850
403028
647552
507339
495871
262662
171826
1027282
848960
4039
61471
683795
923703
806282
786900
294220
652493
233817
692327
168078
1039757
207951
748634
853133
1011678
735032
609522
954109
513771
1045657
448688
1175609
549447
806602
938879
954196
762792
1058776
1038712
253499
641993
84490
835199
1050607
1067371
1157858
936542
127255
961406
856759
102621
173290
918281
102692
767266
152055
934532
1129875
232213
1095046
906700
45404
62966
684152
894482
1084754
1170096
10830
533403
477203
284651
214608
910900
119224
747790
206119
548877
107954
90727
178301
62506
393137
150418
77008
885845
894365
1094626
339257
103309
985099
115181
591198
711043
1037068
269915
163834
688044
216016
1179324
820543
984117
1053777
186783
1071845
599321
289069
1001
256085
650526
159631
33363
240655
238783
1046086
255896
1032378
675433
642833
905675
617921
142582
816433
1146886
320935
351801
986223
247187
460719
850278
70327
27777
1060269
111550
908460
775135
891845
623720
884285
938553
1144701
88178
127581
650075
710618
363947
264277
1033373
76164
584905
141463
495485
145941
1056215
1108612
860272
678469
655602
530080
461078
840335
1090904
17470
615063
405218
1072009
967855
384820
164891
1001600
789210
473161
909300
221832
90183
929727
377535
667134
452230
1120455
794975
412391
258756
209989
871935
635521
363349
1124363
723155
869120
958474
610884
344359
422665
357484
357199
58475
240324
322935
1171311
573723
998951
556334
502951
128891
1048945
223770
1158484
812024
1081557
112492
816363
1044250
343269
900713
1134481
698787
373525
50242
539039
796511
340096
308400
855274
844858
334791
556503
17868
1134936
653854
270575
960878
303481
132235
104075
1067823
908339
1126877
959338
805417
1152062
66701
400041
1036087
772253
536381
1140664
247832
413645
614617
1095606
784242
787035
130740
1046018
607257
905939
1027923
716532
435329
981825
219525
1055947
