96795
13042
125596
181698
20535
246297
152289
177860
180102
234715
185130
223629
7671
76665
108691
72886
283460
133773
31688
54868
187735
93451
102456
3378
14724
128437
156462
1618
281912
107237
154911
139579
7261
61189
282512
187433
108647
22545
92939
218614
207639
270857
141528
279632
41418
253744
189888
16472
277276
188745
117648
214185
88040
218500
244076
211369
176163
189510
26632
60184
50191
138378
137205
181711
33612
116266
61136
4296
44871
87885
288624
141896
166985
182881
82922
197290
125168
187164
108749
82394
279705
240116
45293
100855
123284
29258
242684
64503
245906
168440
283204
271335
125993
245359
145132
132313
244174
138517
232531
109372
158511
213849
96816
67705
102417
184593
138244
41975
239043
126099
156380
208891
110219
243895
172382
50088
261126
222572
279005
178889
52730
199580
103383
74106
256405
188414
88264
15170
80400
36599
227759
65921
133126
116314
168356
75430
205204
188565
24685
53344
144055
144014
139984
201147
217670
200436
144904
117152
37955
180852
245115
247995
79766
30246
212759
229093
16825
93183
236172
233602
49360
180704
36416
197822
157655
126249
105422
152602
92520
46496
86756
230367
87496
74005
150869
272474
250274
156191
62454
83352
57111
70849
272077
139256
22688
192117
178396
167671
237763
196818
272305
165971
106753
222748
285243
39502
148182
38496
69509
85129
29326
199258
48732
75594
90170
8879
202877
22826
159337
180555
175034
38522
128470
345
165285
9649
97506
290313
134992
119980
4873
94668
90826
16033
40557
184932
203840
277035
39846
239730
138671
10845
244062
198919
132530
198958
52642
6410
48742
117668
229129
277341
212890
28671
136839
67663
257608
213036
44469
269062
97282
241293
271466
55431
106757
8037
263224
178436
29279
21917
157046
7238
262924
129840
148645
69998
195218
44491
261495
34830
66294
195230
28552
30015
167144
159102
216737
209637
203932
182743
271716
80287
146260
129583
139674
65673
29872
154943
205348
289035
231400
246568
102982
265090
120574
80555
152160
156570
216483
78631
53719
59152
78927
80289
149508
74341
91188
12130
109272
259956
2053
41896
34961
247523
236875
28782
221104
102943
121959
213215
18974
249757
10314
216788
242706
53528
65829
36768
40719
4551
74383
225424
14423
273351
150817
275529
161449
86918
210246
105572
165391
129066
144433
292242
253442
123979
59056
125984
252175
246292
84964
273211
108148
216687
11798
134460
29070
132587
195478
100055
275023
115229
166273
267159
211884
118330
276033
215781
50724
156352
234904
155565
196714
23079
98145
118525
292291
93576
49425
98737
4035
223242
203338
287313
231707
250789
128627
150484
5805
130842
33423
232994
192290
226385
257508
246558
5180
119461
289178
5969
270518
123156
73544
229777
168648
21886
161053
78718
64893
56375
41927
287170
181895
20467
146458
9810
281236
76424
70471
158616
140608
39511
149450
74953
216285
249690
279716
205493
15280
161444
259220
54885
194875
278689
76767
38519
115187
210565
119726
170670
121911
61766
75712
42462
165042
271130
15693
73662
244494
133448
157879
35784
158740
254257
51337
58154
88566
12586
40182
79234
239473
82827
254352
33336
113178
32461
43614
172885
112744
238097
258212
124184
179516
143312
282385
268203
278926
104277
9280
233141
4323
10965
104043
72490
197222
68484
138075
176355
93120
236305
190496
291474
196845
68120
276403
96977
21742
44684
118897
225187
204846
181767
247140
109512
211006
92769
518
11303
258841
291899
135346
227969
4720
107146
115718
122567
227784
88549
30788
219529
166172
122140
158770
250069
46217
193009
201236
71101
227112
175572
104849
27316
228272
125338
260287
115905
204855
285746
89588
102741
25238
153763
220647
28205
285681
192711
27322
217965
11382
120228
40061
275552
170255
69672
35725
231191
255232
267671
114563
187067
103279
103323
48067
233475
264020
130383
80981
274731
235135
236186
179809
153789
53194
140379
116324
34355
5713
153188
223572
228306
245255
44843
169027
195778
164092
170045
53581
8590
231294
219363
137929
143548
59109
156023
64854
55617
141915
14887
98031
29142
276501
290599
243383
274092
92971
121817
230196
276439
174843
67061
287895
14639
214680
143179
188347
1865
135657
84247
272032
254090
144054
108097
246459
80571
253793
189492
51080
48554
280812
67590
44364
185611
200149
37765
128511
286533
82764
84289
189233
272542
11117
134875
112417
137139
75021
261152
87944
12919
78413
91363
233808
84663
50394
42774
213591
4429
155698
43725
259893
226214
180610
253410
209300
41068
74128
291149
143810
47139
215854
264609
148845
244584
52090
175322
234461
128096
289620
93037
112354
166551
212257
20323
188751
123037
183050
149067
192972
71928
145214
253677
108472
67600
142131
244775
19852
122270
11390
270373
231781
65320
111221
125736
117755
102911
236212
201143
140483
178437
122621
123528
220256
56081
211128
155845
271708
154804
190932
211131
55881
135646
118821
144730
111828
77080
99870
43376
104943
215836
108866
98322
159369
221561
109324
281239
120995
270827
618
49484
16171
49351
78221
282236
269609
48387
90103
57934
207487
100957
119847
178120
236111
187610
242806
155148
147151
198832
187619
218354
163581
164162
245389
33747
103425
119835
177966
130802
292038
177406
8013
72085
201712
48140
106690
206943
148783
271686
227201
114297
189603
119965
91362
214807
168441
26186
57992
132041
52544
290479
253197
291265
123843
135662
265050
174689
83954
291702
253562
108296
164959
257000
70989
194864
288129
176980
133121
208440
281674
167343
278629
23803
108192
21805
144985
4651
209542
30763
167227
30725
274357
273572
90061
171888
176720
116925
138286
33392
215941
200270
112337
203546
17982
206478
206006
167199
117727
91891
52603
272580
199495
17249
51755
156678
234713
40361
227109
127084
212861
159179
20721
174779
166243
81813
60950
264830
96267
13822
20069
200007
236044
150548
242350
6620
167115
288679
35166
78019
59504
230548
207477
35255
78624
278
31928
180222
67163
236185
128065
233879
29387
131322
64368
112669
79354
65808
241766
20692
133860
44060
251309
69511
77130
238506
23827
210823
209611
258600
144131
283015
287751
203003
166019
262861
43764
270045
141919
258480
178969
111928
266055
97573
130376
276488
256328
70180
32882
145830
55644
45242
289957
27106
231554
207070
190053
15951
63159
61754
45714
204107
99049
245188
169839
229234
238508
276738
9313
199959
52888
290061
30048
179105
44454
287891
81633
36573
245322
54042
128761
279081
55970
99859
23981
249755
62928
102477
181663
87523
168415
48491
278618
118170
9161
46112
159045
93599
266191
37178
66169
175828
184942
252232
3279
5743
255449
250406
56928
92577
59890
225295
120378
281913
91584
260142
104304
185002
35963
266305
166987
68406
110983
234409
242740
243371
62102
140827
43772
86779
160891
129960
105366
22622
256298
36563
207918
58843
218257
146307
4313
198577
279733
135636
161225
130876
287520
170007
6197
174100
237437
25537
247692
112418
275932
94117
42318
218344
199349
208751
87751
256790
82431
251931
251565
96874
148103
251740
11953
47804
220787
177672
44106
270446
146057
100549
143077
279580
164805
279734
151536
187109
13281
109081
89724
229453
195772
34717
188930
121515
82085
18298
125340
128216
157747
285735
72159
176748
6367
106702
253286
140594
249319
66153
282083
102474
265776
191547
61522
134613
242018
203154
182970
90585
49421
257876
282640
206979
82550
93814
130906
72595
29370
131741
50891
213926
259023
256151
281294
183609
107068
193876
116222
188999
58990
183796
284285
280835
172297
143167
906
252134
38092
245215
135996
141350
269340
165364
184712
34047
219352
183089
164510
141636
26661
248858
120910
125194
73938
224297
61830
35923
248786
87282
6703
181641
82890
5140
16192
28501
46021
3549
79327
258610
237677
114498
234102
81547
81697
1114
281794
64288
286490
281014
49803
233832
120662
280553
239731
164442
107449
251990
45318
58418
90053
255775
41813
254669
16277
265392
206651
2732
157665
270196
87127
194804
115929
17454
80008
12209
30017
260763
59249
145947
252043
94604
283842
171167
235042
48373
236055
183006
44790
44381
280563
87951
74149
106360
224236
180192
289419
79636
225559
192525
108317
180403
8577
200758
34393
197259
235173
37094
174365
150504
11703
120399
134805
154298
19383
237370
47541
106869
220722
175497
236347
128610
103224
118890
248401
34590
171565
197208
170340
157743
239940
155715
270682
265825
240559
270689
65483
241396
19382
15156
119373
204667
267311
18863
148154
161556
53254
133399
172079
246408
110662
104434
140610
247830
188272
93715
116078
110875
144552
87138
100613
26787
7199
92245
213903
164947
174233
176753
204995
83097
172594
173555
198551
230037
66522
92122
259544
60451
134855
147789
57237
10311
59937
104559
289100
188407
137818
48838
276470
247940
195037
183924
265924
271463
63932
247701
87965
195709
248362
97008
282580
199774
104505
290628
107124
102945
72681
264078
235684
255092
197682
147623
22325
291496
105483
285406
115692
68016
84873
184368
289324
75336
68989
280194
267011
185080
161519
190447
171000
78023
177589
199573
11119
268139
207102
120720
290568
187013
181206
266513
47205
105450
204510
68478
132584
71787
163946
260117
247411
126668
49598
211629
5352
203045
285930
251953
186875
88656
153014
200586
51298
139487
274286
225760
110515
78517
38544
176657
112429
199264
185399
70273
267163
69034
103722
169510
35495
98158
49018
272831
274547
60210
259250
100938
23330
151042
100301
179487
171132
4687
133723
150603
12358
122843
217313
180680
62210
118221
137087
175903
52988
110176
19646
129033
190540
152153
115409
51136
247514
32986
154913
205667
203919
97058
42621
174140
195649
197078
49171
6589
225591
144377
77661
204380
290077
417
205748
128519
231910
132441
196591
85700
63367
50989
70644
214152
255828
157796
231845
73198
229151
219581
214205
282498
129983
102350
213388
275381
258405
45467
258232
277391
28167
79524
33982
151417
97450
259210
142058
99546
102595
228555
146184
197349
194890
77372
146835
129691
75966
83879
246881
175751
272980
264407
74543
269080
144130
82285
48768
287227
53868
7639
246075
47386
281315
255078
41963
143471
224307
131339
67758
252820
98258
116997
262607
194419
31379
91312
256569
81513
71376
203497
96236
236785
62741
76392
261896
241700
32801
40698
175695
182019
267232
85955
238207
88746
220850
119097
92669
215234
21463
288417
173257
147818
24425
243131
181775
279750
114651
281101
61970
201889
243147
219508
267039
265698
61919
110437
18781
148603
73434
264210
202398
32398
252200
67389
167804
275694
274944
70786
76583
86785
263180
131935
74906
55707
227351
23202
281425
94629
64943
111209
155496
20932
124676
46865
73952
38458
188363
219630
252111
87333
150167
69405
277058
197307
130097
68859
229945
83987
31346
112340
127401
61999
285010
142922
272982
278113
219818
182609
253753
88475
252775
214566
50160
92964
22429
171337
145319
5236
269203
224100
234563
32399
84912
280331
2502
116903
265615
33397
216793
231398
99878
199221
196960
45484
110181
118088
223414
282900
12425
272817
268910
148837
180999
120548
42816
288339
113597
269699
125583
190043
18700
72895
284203
140016
90016
72337
92334
268471
179027
154308
207791
64797
55075
64755
19602
17892
206709
40381
87742
137801
68503
100058
222286
249886
68482
271347
56603
57711
83277
101944
5971
240525
14528
718
48646
8551
239790
231125
79565
261806
208434
53780
23713
148011
85485
64809
292256
142668
260654
206011
62695
234310
49869
85641
135683
131393
50677
97654
154338
48053
238587
112474
245321
49084
139821
153406
188453
186945
270822
289382
99117
60481
258479
147238
6403
25842
56458
262488
110363
99616
279661
224637
275864
134431
109447
192666
187449
237532
284434
102682
117596
139443
215582
262506
26963
251285
81885
195572
239409
111430
254218
230168
4650
258005
51957
203704
283436
155063
65434
156189
64306
10617
115469
211920
275300
71812
43480
228174
112691
234257
58809
13425
58676
288906
38177
76511
6137
227190
207969
89511
161027
239554
113858
177882
290284
249056
206744
191957
164394
274318
125411
233131
108744
61021
147811
109206
140052
36758
28463
284239
110024
55176
199084
57654
271958
147212
121287
125842
69957
119875
215300
267532
260878
157352
221152
21704
80709
51736
61482
188263
257457
43996
56050
121798
241481
38089
67730
28145
175180
3064
227386
218324
193058
249471
669
228114
288479
15775
172013
250164
231775
47418
179298
190019
93015
240255
243924
78790
157020
224705
108110
19175
221241
248050
271280
25727
114663
279260
39311
147690
276919
42270
58702
141318
133908
117978
210489
198343
246996
181285
173473
129762
116150
2769
258102
47373
61917
290090
163158
125163
171384
261484
110496
25497
127843
108923
216710
16341
73509
128296
49485
282087
169304
146347
150742
273077
220011
4886
83310
217949
147051
263657
185785
6943
224581
209775
254422
223906
104489
170451
197427
157912
235609
129703
117984
185050
150381
28586
150613
265238
167008
175189
218644
107821
217506
265181
30552
146773
190210
45364
211869
257995
203634
70537
31180
95674
210723
45320
271970
221675
217615
32298
27732
229555
205135
237619
125309
19213
39464
156072
228354
263364
65343
263516
121051
85887
261240
177830
99553
121863
27710
253006
139630
119650
171312
72566
113025
159036
249508
75940
41519
167937
150254
78466
110718
116956
27771
174366
201186
28812
205556
158743
154886
291888
43241
199767
48814
21116
213017
206640
3882
251649
201004
7766
107056
139406
152757
218447
186717
45574
109688
24463
165380
291411
276958
147927
103158
246472
26195
274459
187385
136207
265657
119994
12065
125862
125611
44011
215063
274717
250711
58542
199502
270383
205736
224246
129190
176336
80920
220746
271110
242145
68404
205609
90617
158485
46077
82388
230992
229803
12761
62305
158530
242188
251762
270103
251228
242733
171889
128049
113598
180464
122028
203140
252960
283051
70045
44266
30257
245504
249214
20480
88056
193551
203920
266958
41738
260613
107732
261837
290194
249335
76875
172707
127633
89659
207015
34811
106543
73218
282654
66473
53348
124970
263057
274833
190486
61530
57484
260821
48624
171363
269235
172006
181714
10990
78388
170043
201989
34081
223053
151689
4983
254939
66171
149397
134961
280793
265073
172989
99109
76176
189296
56506
67484
126335
287475
62192
211251
33562
279740
165308
131035
258411
4834
128795
36914
68826
76591
123050
174153
233864
181527
93989
128476
99668
114344
180417
236080
285148
289315
272998
65648
181756
38682
131632
246299
45566
53409
202485
63440
10835
4593
151368
189565
136473
6819
119454
11599
84420
226422
202006
217215
15595
149220
124755
217542
116768
261305
122288
61865
182784
215036
22100
148440
76809
248712
330
48060
174063
161775
162251
67504
65282
189997
52005
6018
76344
239955
74737
51819
244215
143945
8444
32613
62971
263552
17770
71514
203486
255396
46684
112338
71367
90820
1914
4488
31629
119258
156178
63311
23501
7124
279668
55869
96274
185
44492
107552
162796
75173
67788
150857
137133
273073
263025
252219
171634
261779
72029
166713
16286
153780
154001
24479
212966
221947
29375
176281
163357
228589
31707
55211
239651
157943
137235
188684
170538
215978
79659
41452
226439
184698
154390
231391
139698
126136
98230
12328
282606
77702
170335
289483
91804
125740
263356
277591
171730
205678
51668
206810
70558
221270
248261
72108
126988
56647
138313
152754
205106
44502
286193
238840
212046
178975
149086
265009
163994
179800
284098
122976
39176
55481
117976
152222
265722
18957
105098
261815
112752
28750
191409
35877
103983
146777
14100
281505
33434
240458
165017
192316
89139
237430
194661
180682
74095
253739
219810
43002
138043
54498
279667
245471
7928
94236
238774
34525
163756
205027
15841
18846
229659
117797
104151
64150
178950
66930
38734
158542
28574
31194
33710
195414
27359
257314
197040
244932
285468
97154
202406
250833
989
62841
55274
179640
130367
182136
174538
157510
17626
91482
97170
290079
284943
205019
183459
263256
154443
134446
101540
141757
14115
130502
218929
246508
22065
2349
5318
146504
45072
41371
209920
189027
287829
97172
195087
30626
207611
66681
16340
279034
256564
36414
3811
286542
163096
190675
52483
255696
107450
3156
282369
97858
57314
167991
123920
25764
191673
194797
71816
123043
155313
54731
222942
253892
10760
106970
101227
80053
6105
100463
81088
5271
281728
11342
35152
106094
162346
68013
52446
185000
17327
210267
184940
169439
197263
207632
261794
94022
238617
282418
13202
136492
156351
155288
22564
281314
199408
236041
199968
216440
52074
195678
148733
264707
18640
14011
218831
118712
105195
132886
121586
220118
122442
14216
50104
281257
238582
69931
21699
121383
74503
197294
132052
174939
145162
183590
278197
79919
170868
225969
171991
98444
263044
230266
90770
207263
157192
60568
17723
239189
5682
56142
263827
91417
156793
160705
111257
20622
119949
30404
291723
174125
225973
286974
1771
285286
48245
286206
13363
55031
52022
165638
242006
266245
280003
99829
292211
262071
254319
223417
83695
108434
289322
157267
128388
212950
54899
69579
126785
165533
163091
203797
253667
258241
31473
204120
109940
157407
187978
114931
261145
16448
100721
91458
119260
230366
23280
257196
281227
220464
39333
118576
108197
27832
275450
239506
247529
135915
80810
277790
269195
157750
27513
247537
242516
246926
142313
65225
181803
151698
18611
60619
216101
120598
255024
86658
14842
84846
179596
261752
109829
145679
222878
160527
132855
227062
148786
183103
46947
153041
450
175654
23938
36725
155612
277957
234906
13854
11633
86622
290883
167490
139524
266347
91693
54027
90976
176320
189393
196087
27697
275991
30809
137979
37067
118490
84365
218750
170116
26681
105338
166259
191500
280684
33155
126353
156212
93571
20808
86757
153771
1108
147888
173276
214285
73206
28987
32781
213475
69350
155728
85709
267668
267648
107720
123395
37645
229857
280417
181700
243516
75431
260994
176146
259801
203954
215286
259080
72651
217464
273064
226063
94396
185719
132645
153855
167585
101137
230927
39973
201331
57197
252707
4406
57248
231446
86028
272957
116000
274101
227129
198633
211979
90265
69985
260884
248512
283202
10537
119252
103181
224955
287966
275962
146568
251225
245478
237782
57398
207675
112510
88480
77655
137225
75084
194862
78642
210482
118311
177059
264913
96107
291001
133952
245411
290539
269947
277234
180035
242974
59518
220086
262277
6025
197444
9671
211986
198680
68431
280514
59614
121111
141715
278557
73889
127032
57717
57401
192068
279221
200113
63072
147312
176382
237169
76234
144580
160330
166694
241746
28999
97246
285984
208455
115213
108394
285762
167454
207250
49937
267140
99998
57747
226458
245930
44878
94885
40604
256132
58597
80621
258278
163380
30234
29935
106606
228752
237013
60770
151817
75886
48948
64282
138211
102286
108275
130932
146549
181955
121788
218033
36421
107300
10998
181352
279491
103939
282439
139838
93486
21719
72591
189869
201988
266257
218236
134923
188038
175668
113580
29514
37629
73258
205668
157220
4964
98961
189074
35850
215364
224977
51352
260484
19413
2973
270398
2393
96271
40979
45372
203439
107011
177454
54735
133959
71772
276353
200107
89275
85902
108985
59530
121614
13749
35875
3334
71494
131032
73910
280205
175069
52498
143023
55025
19755
95213
27786
282145
111661
31746
18606
92557
25264
172716
283084
29225
194304
140262
256986
189101
252842
90045
116542
99513
199180
141865
30066
89408
225709
64582
197388
146139
110172
150169
111314
228832
32014
279781
83960
53701
64538
169135
284117
34876
104991
193974
196759
722
24191
197565
92923
76731
238129
169913
268854
198075
12474
177687
121152
284754
227671
160663
16237
189767
216218
51482
103152
156822
31862
4279
144594
132627
134909
171491
94902
25203
257702
123906
80106
190512
278265
174219
227540
190500
203630
95814
49872
264058
146526
2623
283582
34407
85657
24998
179058
133273
75629
64367
266781
33758
46520
50541
210381
109250
200299
33034
56683
163306
32243
209161
191403
204288
128933
44900
78916
254375
147883
74361
113198
36270
97680
238796
119952
82276
112990
93770
184439
270070
115129
228129
107381
164378
48000
155666
245231
290052
218196
128720
150306
83267
92207
48004
22444
16441
238446
135674
117861
31516
29397
192577
233746
216849
57368
132562
130331
118377
40509
289645
63776
27776
144414
133892
70313
79286
164507
269145
191980
94266
230969
32992
94324
240277
133597
277473
25755
29460
63335
177103
158992
25296
186979
147062
63777
190100
114222
16007
282840
252108
115199
102217
215425
111505
225388
180025
261319
221552
3559
64654
121200
74300
263281
110544
149519
89451
111034
61877
144168
282361
55364
212633
265916
6795
147191
156472
54684
15102
25210
262584
264283
181791
179992
116947
230777
117040
37082
135189
233743
126957
152619
175781
80454
87692
176429
228367
186309
185903
139730
66482
229190
175707
122385
153131
201845
28864
139375
52792
260485
127930
99879
64289
80163
159554
249779
241535
174450
83931
194234
156281
157898
190891
10625
255798
126866
289998
75501
182032
65821
262139
78950
248271
178336
219850
286438
148589
265549
163502
290575
244290
31860
140390
149896
234472
213980
193538
175983
172569
220886
212808
247111
16011
90574
68441
30045
236536
110781
137861
235056
75382
206561
78505
106526
259998
161058
94918
126492
167231
135677
66908
207816
229037
93620
133634
212660
2529
34178
244152
151957
70264
111711
29214
85515
4078
78956
271474
55235
46265
20686
117090
235144
242624
66132
72202
27824
129658
233332
147936
215994
155392
33321
30218
151626
177727
202467
158641
91620
191977
39114
143566
231206
158088
167681
186650
72542
270701
266539
208996
79905
115110
140352
28730
184947
154330
38561
62962
283194
206311
63021
103629
44717
238579
75619
121167
21577
11427
192790
266086
236459
176203
163472
135482
86245
224776
69720
58096
193921
257378
33351
29859
63790
34649
227961
275250
256276
6184
114998
152003
131539
187317
46607
163293
15923
29211
218941
54055
255503
248306
74415
14567
146492
12521
170143
106401
243284
9898
272571
73751
264584
152574
212948
84580
241978
47007
104144
107622
105332
233866
216360
143657
19442
68405
160926
101788
187645
252360
74884
113480
209569
48254
252047
263808
64119
224259
213958
30873
245212
26827
249473
160174
281254
77180
219844
226532
104384
277587
127345
103987
83512
104588
107049
244130
113392
577
9533
228285
11124
75700
204251
150855
282738
241211
168616
262999
176099
58356
178599
133837
70841
269082
136384
125134
233902
84582
100716
792
213773
155838
166522
145116
219651
235020
236497
260565
149894
164970
118714
286304
271143
258604
162998
73350
211313
210914
184588
234827
197860
55879
226289
248793
177581
130026
208108
34126
24654
123893
119303
149222
41538
1002
102291
42320
139817
94752
209659
215186
194603
237493
196225
186400
184939
88019
210126
252505
136979
154727
252581
186574
219762
48953
240765
92371
154507
85039
119435
11395
263107
211054
10386
106191
138533
76069
130972
273654
90789
27031
202892
284850
203733
255007
202904
227569
193488
237915
240233
193454
279523
226417
89593
194000
83348
101262
270170
231057
206231
154225
283261
85994
191021
50521
271979
227983
18361
177645
82878
251515
218923
67979
257474
111332
17939
305
286854
66466
80042
263305
269976
86875
236799
70647
79516
47102
71542
221058
36883
49810
272227
8072
115455
290987
256049
134462
189349
65803
214199
53910
171521
40433
250324
275158
285512
98504
4519
221452
262392
210493
77626
4934
172162
130597
67523
207486
40369
271334
60656
121882
90263
202464
36832
268278
218910
52733
208951
34418
169268
138338
77455
228093
41782
66481
150293
198328
290137
137386
63145
291841
198607
95737
276151
216585
122765
45209
162978
250710
78286
249368
276504
106222
15406
199018
33908
194873
43331
209742
122126
51042
256066
93682
238399
71050
56602
143897
200502
22279
172915
113056
256338
207342
77648
68928
177514
259315
264214
46693
75709
18217
35857
156558
86439
1547
10547
171
110141
38670
111404
163010
154145
110322
185974
115183
94358
288013
96004
33181
280633
142837
284729
101667
26628
47596
113174
136996
21221
77882
63470
229054
204277
134131
70242
270743
247691
60994
157853
79022
7314
99938
191005
148985
81161
177386
57323
184435
33848
170304
228579
100393
34485
32111
223484
193023
261497
96041
134400
291735
135038
37366
86109
107348
252121
76390
71086
144049
224231
24920
91241
34848
279158
244602
71630
255226
211234
220509
117047
77331
132650
35397
54539
235029
8840
47951
13769
29844
181054
167946
4190
36489
152916
274692
87940
90793
33014
204050
13237
165919
20260
150844
276642
202827
91572
27749
99791
32006
3421
171520
201223
266223
121873
182107
281487
66268
34818
195233
115143
228777
247033
178600
208690
60977
219477
79836
99273
289749
173631
93221
1430
202435
183042
237192
148169
215847
214237
88934
18764
178338
48116
117116
5322
75220
186910
98600
114030
233538
122900
6119
237385
261577
207434
272389
282419
163524
100520
268421
231920
191561
104944
292094
96729
2938
148972
139888
239228
116069
54459
124753
22567
221172
13503
173910
215554
185031
140685
264456
126359
17865
171785
112352
38674
17337
13603
51594
130721
220538
153057
187683
223747
261722
23879
91747
91124
112409
12058
64002
141678
46067
100575
272496
147862
248805
9934
202348
232190
169513
53513
125251
41474
202297
23664
50067
75542
121613
180775
209768
10639
192910
136330
210145
20486
119752
112840
85418
218971
234357
166599
247663
24154
36773
94312
9963
208469
57818
42264
115288
282265
128600
281375
170504
166603
75184
136759
136240
156318
272395
52258
243502
206479
208848
245049
280533
124324
156016
178660
218432
119131
232899
108782
27116
205622
201836
288732
156423
193748
112923
225079
84115
161699
237025
244825
123683
208664
221870
96056
158686
186399
23526
35636
16862
105148
54581
165067
250180
66913
174639
281946
238325
58076
291176
140546
276991
150071
170513
79338
185328
95318
187261
145786
238475
241528
131977
35094
11717
96963
157244
284277
271427
197254
41661
232772
161307
127137
132029
268353
42112
203315
149347
7172
245730
107144
133108
153362
25724
260030
187151
259543
92384
41445
76371
9683
185824
220535
12200
226281
233763
53291
235265
11507
98097
105343
183185
185598
68941
229810
100092
75044
32053
210693
73636
54003
272954
65811
17584
181652
114451
5088
140021
206239
208299
253846
77725
25810
87362
32062
141340
33748
167771
205479
129976
73506
21161
223226
288666
176164
193000
201020
210736
254535
175992
226805
163831
54889
206635
17466
146430
25573
154140
70935
278020
13509
114652
253923
32640
8174
251254
249317
263361
217859
91197
273857
231423
282096
126759
59481
59098
223221
259451
146692
32394
235355
5493
139302
269558
127949
39340
287650
146410
232517
226864
29306
69553
65910
115632
270130
56610
124968
149792
180924
42251
94709
184456
173734
177188
226992
94571
138616
113772
161703
240256
273397
268022
242493
64904
79257
64033
107108
53965
206315
268443
263185
58589
3264
49038
254129
52319
10351
144754
99793
154656
292061
74927
253943
187704
82862
100715
257813
268934
231839
82745
285928
24682
280222
44747
226048
1952
168303
257341
253569
29240
241272
185897
14670
276630
180275
161689
234356
145829
79206
245633
279586
261357
64068
42385
16476
125563
210361
118435
104273
195825
125154
202067
241879
184359
277381
49107
235856
35793
166552
48032
197649
109068
157728
189213
35080
165982
53997
89520
49529
68242
285356
42917
202270
292100
117587
275495
40032
109355
197011
158635
101692
273459
53346
260905
242618
258023
103125
163331
248433
128918
24253
64402
156868
160696
9523
264640
200269
4955
236325
149075
269728
173140
173765
165634
147168
139605
283851
279435
187862
95744
264002
10574
161862
68361
192311
236688
67320
260179
225827
163023
261018
210050
174814
281594
133549
214467
78285
223569
96973
178912
183284
251395
218989
198262
128321
289571
255205
25766
231594
66060
168986
214687
97163
214515
279545
15397
228374
247629
2207
12540
270015
45191
59330
49058
257467
141426
68918
149902
58173
67190
198372
820
80293
144930
158222
169715
213898
287591
89180
92192
225847
172565
195935
194275
160986
188287
201622
258454
85351
9079
264050
147632
286939
176976
189669
239912
16717
36152
469
13192
57165
28070
291890
129210
131336
203924
188715
39712
62396
100990
45134
195860
4831
77203
23663
1733
71696
225279
235789
236645
3170
75971
290647
97379
213881
247001
170630
61439
88550
85362
33940
39925
247051
152060
216540
206965
30016
128174
153559
98939
200256
194579
175974
68227
43296
100774
184536
257753
52110
204332
103712
120629
220594
250656
264168
285302
48897
9477
212225
259024
438
14668
228831
218796
280104
99141
124856
168030
278053
273761
244398
96624
214171
76652
95092
280702
40837
254416
190077
134746
289756
84337
63035
246316
221129
123711
182760
82865
116960
53905
159702
252672
215962
172710
126751
133428
146106
131178
69439
56115
172307
229293
155765
108654
198237
209871
220448
16205
30547
96240
104967
34787
155476
81386
167953
86491
177750
282684
130133
83616
238061
136690
198188
291663
131832
262582
110306
71486
2608
31085
204423
280564
76450
259246
243735
176899
251854
30950
189196
103565
249194
139742
65262
212672
43144
184469
18238
222374
175273
106839
181580
256668
6874
184423
258856
107693
7213
66289
38702
264235
54089
25461
52234
253213
15828
54326
230197
274047
272671
99905
246947
21109
154313
12299
104007
18047
284256
158722
17382
112967
226174
194783
199766
112894
236997
59808
38875
172276
131714
118453
159781
38382
57564
267988
215820
265352
72890
138538
245691
94715
164021
238141
130309
6088
48472
243915
225805
59277
53413
31921
236698
127990
125409
225691
236671
241517
128095
255046
181532
45691
161692
174780
212197
228921
142441
230041
117792
39941
230317
59136
279177
184975
226286
2580
11856
78333
182555
145924
42275
62897
235713
75695
212754
171721
262294
179493
60421
8339
232309
187103
140539
289064
121182
216362
35280
87085
249175
137284
23122
32340
180155
236918
192923
78499
210027
223189
111110
268537
132468
51944
129230
43984
93802
64739
288384
193464
210182
98898
30905
59299
204272
15536
214235
137950
187555
259625
82710
117594
276883
92368
106468
76100
3674
278559
111027
58808
122733
203010
149403
28940
202684
24818
86614
255661
265024
45342
217097
146824
241146
185103
166406
30949
285941
177536
245955
115749
279942
29011
116522
4249
50474
115208
262563
128728
137813
36162
260962
140604
201803
257020
280728
233039
118945
215877
263788
64261
107309
227309
52405
207601
64458
61279
101246
92538
182597
11242
106005
251926
194963
54988
278939
199551
112895
96785
180101
187170
111609
177892
168950
102354
168032
84826
82718
196812
225991
37124
215436
214671
151398
263166
54363
154724
98831
20233
138632
123591
106904
286924
44616
129308
218279
85318
12042
258932
134882
264586
179833
30033
62733
87640
215604
279003
5602
99721
84476
265287
109932
267691
192996
291147
154463
38661
62701
34937
146634
222485
248462
7506
108107
197288
130041
199731
168340
86733
114219
184444
248053
251622
50382
97016
191855
218155
177734
2781
89546
51010
264480
86373
195408
230824
176371
66174
243086
3065
127187
241271
202393
183506
235835
24116
39274
215789
31051
38296
39627
70903
59792
91994
146189
207956
71666
240241
102495
267610
229537
243776
54312
168436
229331
44353
149210
86726
120407
25656
62706
267072
201781
93870
67498
282737
79872
6603
270452
67681
40480
174457
110513
64838
181551
140447
241
97957
235622
168072
159087
16416
115388
281190
122356
280609
45275
203018
193335
171097
276277
7444
160966
290123
77862
211634
157873
160886
20640
156110
9975
268724
133630
124319
169377
264676
126620
74399
241601
277893
279579
138902
68624
215958
246560
47834
49417
61792
133855
179230
130476
100992
21153
35476
159228
269313
199053
43384
266644
76609
185197
64315
284421
250451
70749
28991
263171
202576
216287
45104
19305
162608
35555
129351
93175
215635
188274
135559
263596
63886
137823
167690
161176
64143
287511
271681
63732
109440
160965
197480
220820
7508
193242
153749
69311
33639
262454
111351
151669
257040
115316
152307
271260
17809
152099
74171
191069
25635
65809
105865
85780
182260
215973
156964
206522
238854
8862
160754
210017
61251
23075
240160
170377
18921
275982
56617
36077
202078
194597
67396
201021
42176
59652
138207
249702
28696
34794
275514
179727
71044
6134
9573
98364
292162
234540
265995
268686
213251
132116
212016
94086
276107
135720
209682
265004
136057
190769
207941
252982
185189
232249
128512
27662
106076
90224
123760
290277
197351
178569
106350
240148
288160
39216
77603
59162
135070
52345
44185
85989
46130
56496
72399
96664
193657
9961
87732
148836
207733
62939
205503
140960
10216
198907
190761
24342
118038
45967
214498
152689
283607
97416
75832
63410
291457
133226
20009
253680
57794
290382
125142
260283
228098
93569
200741
220415
84274
168919
58230
208594
239022
7423
5863
257903
151896
177562
132938
15450
251441
37953
232675
268626
72362
237725
81477
2782
120535
181733
155117
277427
39043
216087
211037
164701
158291
248829
41932
154072
84677
47277
57400
253622
146766
41389
128063
57586
113166
116908
22275
56285
193780
150739
23716
193669
82099
37138
6214
185366
196819
35766
208413
207706
5497
89928
286827
101525
191591
231896
134175
258438
160138
136267
60989
173295
190309
90110
175243
239464
256617
168615
248133
84175
167591
114013
91605
67519
166278
160969
166136
178832
61707
244248
212936
286183
180666
203699
12493
142318
33614
205692
159437
134674
270400
187869
132504
16676
96723
169222
127560
163467
186667
58662
94255
195159
207312
238065
75715
175329
118106
239734
279189
278299
279083
95005
208970
150354
140818
5207
98698
65662
45049
126269
266153
143418
281699
47200
31221
259757
135850
269803
150267
189501
176967
185847
52592
291548
142563
198689
161370
109570
124769
220254
208362
116606
169025
289183
221567
55028
50371
217312
131969
18662
132537
53641
11662
230328
89395
186185
211843
132355
128920
68209
241378
33231
156350
146254
190747
169847
185884
101448
232904
116185
259443
108076
115764
58195
135719
36743
95158
141482
214765
249892
9404
199497
285719
89288
287789
261021
263426
2158
262516
64714
121564
45462
67000
140894
228623
108562
199106
142312
123217
149808
287299
269526
5730
231674
111292
125905
98676
181142
56521
148787
290057
168142
40699
234965
223772
263058
35427
202895
289449
142704
235782
271103
171566
79378
288119
14821
154847
164451
96706
125256
26682
10683
223488
158260
156555
263560
193964
139022
15144
9358
103186
231757
290279
215448
82485
211467
277206
211543
42142
141027
227797
13445
8791
33079
17612
163139
291466
56846
2568
178551
151718
50490
169750
150073
3700
136575
202552
190306
200568
248525
80812
134088
18701
210120
3855
80482
89718
110347
173325
176856
190236
27988
32912
66147
126577
231573
219401
48247
287056
248558
192271
267810
234025
28298
160919
205954
18749
70207
46772
255965
1253
221956
154410
291845
170059
92304
76309
79311
131452
183310
137541
239520
224064
253742
63586
123106
89542
278787
243266
232678
104843
128841
115926
86890
188885
127655
138179
137560
221138
93869
239652
78595
69150
51782
99047
231491
4538
5176
144542
225926
205865
259871
7869
258043
146693
153208
115927
113387
269952
191254
295
228153
199191
273471
130249
148007
93436
234126
131870
221992
150445
138601
113770
77146
159020
46294
256745
234989
77360
37386
121881
112141
41227
250007
182531
164241
144727
114950
29112
276898
259585
36996
79956
197477
7400
55310
108217
77347
3390
140926
132885
277348
273421
200145
258724
163673
151919
197982
181894
157533
240893
256675
216408
155345
257853
139530
83714
283786
276252
237068
182892
269700
196983
42509
74745
91522
138521
257459
292203
273691
26885
210786
116465
147548
267993
213618
257153
129517
60467
72434
236841
171693
180731
69703
196777
6270
90164
102992
106662
251069
185616
124954
132404
187199
59193
235413
103285
3102
220091
84818
196438
221862
35648
237401
38246
217401
76598
115065
71835
638
246347
142144
83691
123995
265056
48930
168225
257669
93212
188156
89398
105881
247931
238853
52332
211993
93888
67022
149404
111099
119827
124641
235514
167763
245416
68477
58047
64443
275867
211959
73856
4847
235110
88206
182345
174582
161212
19660
269416
9145
122220
136377
233540
197563
119789
131350
141724
193981
113365
201945
149189
99383
69362
129409
104158
9216
72062
46501
125648
13991
176194
282600
97924
50961
31545
189394
40436
106770
206515
18841
143904
21449
242106
255744
31041
27107
272155
105276
166526
46114
186174
112751
104089
164104
251346
129567
236217
172539
66461
112059
251574
260304
215279
98656
113917
215280
212964
57506
118117
84375
188567
79447
140227
172159
277143
15756
211415
261807
83985
290065
209261
77357
271243
42781
33338
143900
87343
96996
191637
190907
68449
269385
179319
94698
189096
111572
80516
251735
36481
142074
73826
53543
190838
169540
120822
80527
199442
290622
78238
183136
268168
115132
191694
221060
277489
272297
85878
103094
229689
243686
43746
268078
198515
187238
11891
114734
278139
8870
262105
119942
130897
277996
236568
157587
276754
151890
108364
145364
200458
86016
257324
261679
150526
162217
272449
53301
26549
283281
129015
65602
129251
267093
17589
149767
235702
286096
179555
43222
154853
114224
41920
7681
126726
216590
153481
38565
40217
93118
210251
231019
200473
58478
203590
33493
59143
21423
199669
280317
147060
132823
82423
32893
265768
14214
46829
202259
121731
67173
175670
214365
229551
22463
62864
240048
18533
102325
133441
19198
246334
152050
30908
63880
253260
82483
38835
108098
219099
194149
204536
26944
87910
193476
28017
3946
187370
177503
31973
182696
286503
6559
46084
43850
101103
215984
268249
240683
49130
272550
220074
112261
5008
140358
186808
224713
148218
243326
129354
200369
114670
176425
265054
13440
163986
201141
2998
72999
33810
89179
241422
202601
168854
164344
156843
154259
104439
121068
203727
63051
225794
6348
263747
217931
211990
239471
24944
11268
82980
286646
59550
187296
262641
241909
109500
260709
14816
162417
102811
231443
98659
132437
144397
61719
226687
222850
6571
254500
205512
124122
291268
195306
13680
7053
91614
251755
204815
36087
62555
223151
43278
283724
175049
220507
61682
158975
58539
16465
174650
62400
180020
238077
35474
247046
12579
13502
158043
147368
214195
130583
188918
125808
80448
117547
63665
133661
202186
78323
164652
79862
157843
252754
138151
36241
37042
93305
263631
57671
205647
283414
223820
52951
204718
76019
4166
134393
14604
55368
199677
182037
50904
86585
127242
261652
106939
80265
163665
150663
261938
168298
59062
219785
30430
205006
70023
204095
270359
48895
102428
251917
202074
254972
50814
188357
116331
107033
245158
70571
2700
184330
29184
117297
266559
50500
11009
163150
57016
243229
15814
136037
146213
140439
16198
41059
77923
100683
198103
194299
42197
20008
84400
251194
26253
207635
119810
51305
15445
176612
144451
246018
186756
24098
232663
19645
42309
222650
79343
66195
222396
184159
133025
168678
131101
239789
12892
10935
80117
206762
253922
287581
225756
125689
61479
124485
87060
3744
126590
45924
27001
149844
156701
21509
275357
104388
11835
74247
27859
120279
100791
218171
157456
214691
107468
141898
139405
167123
3353
98298
210771
82474
193471
6235
157022
219024
194024
71913
219504
123304
123418
275938
271651
207036
286525
47796
35812
17031
15560
34308
204962
188640
55227
106775
270564
51634
264496
52467
132529
83457
280825
192230
253208
9185
199019
149484
94681
128271
253659
286016
256450
27912
47388
19697
204347
138193
256577
56061
216506
115611
156204
98645
161993
18555
208480
167962
47196
206945
162011
31949
261769
28223
163690
58212
57366
157239
150721
177208
217633
62642
8318
262189
133174
39208
38762
272845
71844
26785
40919
85820
186716
175165
185685
67094
249093
190037
280061
222676
227620
11851
195835
265022
160834
138255
276910
276607
127440
29472
260280
78761
194694
241155
44118
15162
207967
243110
19046
131241
117545
277532
52271
26736
255031
196415
275865
80721
226820
30307
195298
64309
200786
198559
172911
256574
209921
162517
162910
231725
183439
237524
222343
276963
57457
172658
100627
119866
100620
7356
225433
155334
154822
20568
61814
253882
240739
218185
115381
50721
248680
225607
91428
77591
98061
