140719
250101
171822
288615
270389
98316
135119
79855
26952
94168
191953
178315
34592
173772
110514
256551
194795
35578
206549
7688
123730
6349
214384
67578
22600
66100
286038
127720
190859
65739
154952
221881
198680
7545
172430
14876
240300
238650
83147
32373
37499
58554
136321
187872
124487
196937
75085
62139
164045
35657
288414
22180
221719
176134
42270
245573
233810
26615
202862
179337
230630
133280
70117
45335
254283
116524
253967
70635
233629
260070
197213
36953
104112
119777
148946
180316
95670
146974
117826
153025
204498
13166
80327
223068
172490
175034
203396
191918
162966
236955
102873
140780
255696
269321
276981
244202
289557
720
155353
199671
89105
23490
17589
240527
198828
40625
56359
78300
48837
132956
238695
110054
29184
64644
90696
184963
188642
261491
225971
210298
149918
190013
229903
75282
94169
245667
41551
245697
153081
210137
135168
64665
287491
122419
138009
85887
264850
36026
274254
16956
246068
27702
173503
3013
28084
117828
130959
145741
70827
23040
65786
140832
182956
40685
238259
66868
57379
22681
256746
208644
281342
38774
103980
261413
288892
279072
268123
24300
130825
136932
94363
82248
199784
197387
201574
119167
215444
251853
28853
213089
140754
252889
112106
1021
246490
121852
13872
136692
253307
29869
255556
114558
30327
58061
76978
269252
23708
48390
168437
99006
220093
215778
6246
181670
88338
65808
1349
181026
273725
246438
6997
29007
219280
257153
228023
260448
44291
29429
116465
92265
220866
230485
193459
177987
247329
94427
52607
179468
191201
201808
97597
17819
104494
74806
144593
248061
154617
24512
36997
22122
33056
243716
79762
31019
224499
261626
263098
132978
84466
186351
269783
143922
31748
136465
38571
287021
208588
89371
172952
72466
251588
89446
234783
95613
234686
103812
183665
103866
29745
52567
109979
113973
114116
15056
222696
136243
260940
97285
175479
128651
136283
127141
64404
67061
94939
267231
126743
148412
279053
283680
35289
50509
181644
272877
279937
244201
236920
25244
223801
38189
152009
121794
69678
50255
208914
167038
86882
223508
174699
122581
283330
102990
270610
66550
49689
32865
251031
165369
18030
211651
53262
271599
255793
277304
34222
54602
188950
257016
10420
145829
204866
218279
213385
66293
136075
178251
231379
87510
242388
51563
91903
31921
154017
141920
118609
129593
176188
253660
243124
206909
150764
14815
5610
27779
102486
116471
172358
172997
157077
272833
116547
165185
133062
252007
34469
10214
99770
84731
106809
252540
198976
54521
23757
220366
169994
189614
184907
75495
44637
281595
135285
14905
59671
17331
157261
211780
145377
240915
65893
15749
90588
40771
225979
237074
102527
239291
204960
210341
174673
189752
99391
162660
56342
36475
253227
175481
220904
62856
209133
273614
239664
110088
260793
289038
133115
171883
96235
231995
240895
38616
58192
112151
33205
89672
139379
136359
239750
254315
188748
277694
201716
37320
113791
156292
286304
42773
108961
258204
47245
242532
211402
96437
226078
142778
20209
241408
125195
133362
154090
194515
29494
44276
36649
166205
161060
47799
33271
158135
118866
30985
161241
198744
157218
288743
251593
74595
96059
49394
17468
109188
18193
267048
169313
215566
80230
53731
223640
39892
128969
76170
247716
153759
286391
277404
140802
157438
265327
119663
93195
15256
135676
14110
120107
195315
145437
2494
123409
148543
55706
174260
43103
134847
246141
138645
65429
108371
37291
43162
139135
186214
2518
41514
212668
36036
267060
153686
13442
15573
67000
184130
220842
88125
285780
8698
60498
130519
17052
182351
237972
151301
37077
72992
265611
43871
117908
220559
21465
60610
232673
261804
121710
263624
205065
30247
164124
176545
53487
78798
195008
253971
252840
118277
255181
185371
140846
240212
49064
232567
95638
205494
64216
167154
175917
251559
116458
230467
106036
235948
147026
244278
139400
237477
194371
257966
192981
68124
213127
236398
283092
78801
6828
175900
153129
128149
186053
147753
141186
67491
253839
119578
37130
156399
73593
137609
71427
87111
225044
115593
66589
103239
164605
180877
204615
260307
210203
209686
126982
155803
192087
32504
61188
223905
230567
280143
24428
238818
13340
18069
29623
48142
181104
58260
203385
163374
257312
115130
243663
11412
222952
193124
196973
119700
92963
84325
1435
103604
50957
183120
51626
183576
230454
271023
127689
256262
278065
255222
226753
202396
224892
119352
286027
237223
163739
66149
280686
55794
76583
96027
139842
57644
73623
159195
276563
47993
50844
220133
108816
284090
278354
11276
282712
202575
218083
91715
75142
8864
96057
61507
93471
188332
251260
31045
171357
139784
254651
250149
236504
276690
13704
227897
160472
211876
140995
50108
104790
87853
178192
233242
118620
150586
214754
253071
34483
174398
194202
180992
218144
188491
192992
133665
258355
255957
287668
246969
47186
20916
234184
100873
139216
269044
140217
50993
114297
271803
31128
169785
219931
243559
200548
66292
72288
207732
102172
239671
18927
233448
7684
23965
49745
63588
269414
25160
64562
99333
261983
222360
43052
121434
282672
91250
145938
140549
41221
9189
35185
83787
4068
188547
200376
129560
87504
140865
153138
20620
124358
93198
210581
139709
24411
223898
32816
264626
53806
204503
19309
124506
167602
174799
155074
6218
11311
90006
18720
183133
70876
272148
34306
255712
266403
32608
239516
2244
259210
124225
15195
242002
80874
154516
279366
94971
161
98388
109734
156591
249202
188654
38080
9265
136873
98966
240604
201703
232118
106941
33901
236716
61459
250214
53462
192970
69714
142936
11508
3441
203507
90934
68554
205044
64163
128055
23508
259916
213962
188214
190139
63310
34574
7604
208008
114331
279085
109046
197047
143642
30510
96388
77235
38506
42250
280172
182701
31060
200485
173287
144222
42557
76750
25702
24079
236539
17069
82114
221927
105607
240999
231019
185911
181724
79270
83832
239028
103304
14499
83773
64473
256603
98497
14872
59828
30343
40038
55555
51714
8512
100747
79356
105960
210862
120203
183287
148280
80098
258143
119850
21283
187963
238463
259861
225285
92974
240083
116617
123225
164915
238339
32439
53439
4146
154934
208144
264332
9885
8667
241533
100546
167744
188044
287266
262238
135367
144270
24093
103882
272272
196546
31434
253648
285919
178618
114974
211501
249452
117197
1199
270787
247341
124822
289903
105833
162986
224094
274081
103869
195067
214884
245524
273478
258951
120208
107326
250301
76253
49435
263516
136015
90501
271880
263433
124872
129665
93608
46149
226897
146831
268465
39825
271272
59326
150049
41374
8871
163147
20281
4961
196987
198718
14373
230589
260013
287238
242652
42242
248279
206449
54208
42267
115505
187675
90469
92998
249077
255794
273152
130315
225095
79488
40528
80803
248770
243710
204080
257666
246290
139993
230339
218395
174397
66525
183340
95224
208919
30042
181496
260560
262387
52547
160849
179814
239955
265083
32213
142422
250507
38479
116274
197792
183647
34324
81985
175390
273105
20098
2824
128909
39860
238337
135133
252199
180830
255875
3560
135309
90088
90623
54853
230017
204628
175208
64269
37381
162511
99440
287865
244047
198477
49214
260686
227193
112917
138204
143215
52635
153906
114459
42747
267215
45784
234463
177684
69409
50085
56196
150483
173356
202715
16387
29702
271906
16135
207209
123991
149359
220646
133873
64556
76610
203242
77537
226210
26399
101800
179140
98509
39350
168494
94306
128625
114287
114221
23293
6118
286805
16702
147368
47487
159228
16612
72115
276052
83493
289256
160211
59248
43347
9393
69865
139785
237250
20930
55438
205225
157939
151579
74641
128835
142322
213823
237077
272214
32154
15663
256816
119354
116665
76878
124141
286169
40618
200692
39318
176964
29897
212862
100541
62544
243104
188472
47959
200641
122547
65298
246088
181766
171030
76009
23648
289529
184923
60455
268990
124950
136717
98471
259094
175122
289395
241648
278459
257478
263836
184776
287994
52732
158571
222105
96214
36515
80900
15712
177177
251340
3615
227129
135387
255014
60625
285096
177098
255978
144243
273268
9830
98535
127750
280854
235855
261694
194257
21913
7058
63069
149666
164781
83610
233051
265217
72885
153279
33640
245560
180287
209315
1559
61453
19207
209926
240873
283596
178503
141909
183398
133767
280726
97520
250184
177150
65057
115522
205393
44575
184771
180440
58894
205598
7970
264793
181219
130083
7559
200270
178616
162410
62150
71609
100219
179652
44952
11359
82762
278148
85172
98722
230426
116290
262517
278453
65237
206225
120801
167985
38154
275936
204123
77106
125277
42838
162270
219933
81129
233860
134070
39577
287698
78985
51430
91521
175137
71473
198625
283202
259206
255212
233258
180254
125557
245602
116544
233862
45119
234744
281083
66499
53785
251082
288434
26440
199697
113818
152236
68880
216911
260247
155777
160582
15840
268019
205804
34992
58994
248930
47651
201244
247428
43457
22151
113570
72073
101266
270008
87169
223834
227443
22083
279664
122261
15568
136247
272166
192923
256940
205026
274631
68061
236642
48332
174291
79357
50762
65738
217672
115310
101191
179287
66864
288619
49285
2989
202539
95297
279647
175594
13323
54748
958
246610
92087
95781
253636
93060
241220
129701
165320
19526
227289
77691
254546
14050
212152
46026
188456
225181
12037
196920
255496
97182
182191
135413
189174
130760
123644
158953
212831
117336
246357
84054
231512
111831
245260
285350
56184
244612
246274
171711
72328
180054
228042
231612
280906
205526
168191
284696
118677
160272
281549
11767
61746
109167
20860
186472
44918
231436
195824
13290
282425
191095
243148
255372
44540
78574
166328
87105
123009
251817
23303
134009
46686
86217
142347
64261
134361
250562
134478
283209
25957
219623
273030
108418
111604
160231
147931
120887
82676
181990
264146
11570
149538
199205
22736
276036
166762
68102
125176
119996
169903
261223
56032
49730
194010
89744
210229
38162
254990
189995
110409
254708
172162
280199
191042
12089
49235
240794
82874
132386
169748
179645
152804
188570
96654
141042
125462
193485
74521
154172
148441
27104
68017
132193
630
237893
116463
91575
118586
198958
88821
286571
2551
114884
209667
87707
189920
233001
149224
129957
210333
1599
138867
66857
232464
215491
286930
245282
30917
102977
35924
161792
692
218975
51948
148204
103685
206676
184036
106960
286499
164151
173464
251030
119980
231430
189363
70119
78170
13465
95375
225607
21897
284930
247086
66508
191066
89520
272410
254327
281076
177544
113794
212637
76319
249849
197859
125958
251782
211921
222338
136674
141872
242400
29734
187157
17509
91491
42080
163307
23689
103412
281732
261911
159241
163355
160851
75310
62763
115660
285632
32175
151682
142156
109346
238079
234736
155125
280027
228351
240149
66029
62653
35288
74693
86730
97762
8575
68533
195231
9129
259571
4913
1707
242140
28228
30700
168198
69013
112675
43404
258090
48948
42661
109471
166790
267806
72186
159799
211713
260220
80843
110905
241230
92580
171175
204817
256610
82750
232672
236789
147259
228648
192676
287299
53476
2674
262958
30473
74188
273659
180817
234243
131727
41544
16320
188300
170654
127737
271215
250966
78439
80367
107657
8386
191234
55338
71919
61172
203324
118759
57558
264069
289284
252826
197854
264476
41065
150566
176924
168329
285539
152660
42625
157895
246409
150793
4556
275599
2953
138020
29696
263589
223557
84597
241503
205009
287228
277891
21370
168215
272336
278793
208800
66319
248182
129376
139197
190730
251737
88435
208240
47105
219275
51095
284386
207638
89215
38696
256776
267292
182877
15205
25611
131719
180322
220538
49466
91730
198686
213398
81857
276410
119533
163089
50855
95731
81691
93150
193369
83816
86738
64533
237769
69987
172434
157747
68483
199372
168626
183197
283502
270696
194389
220098
24633
22406
136248
215336
51588
127430
87871
127017
244683
46384
250400
274555
222636
11009
182940
225594
112475
259635
246992
199006
170447
140418
66518
182870
12226
203465
1891
189659
259051
137601
31787
84277
75140
208877
181734
134388
72442
236316
185531
119723
22451
105884
181818
91839
43310
14477
109915
73530
142817
219210
231155
153531
227516
144695
99940
195248
191998
119396
76814
136874
274258
122849
273580
229773
268184
27768
100119
279747
141783
251141
272708
205615
112875
260043
103228
134353
289193
59244
241423
42369
106467
179638
140701
72909
72376
223696
162898
23813
16290
169382
274181
122803
287366
61203
75644
85448
150547
288415
191118
229755
60373
235217
65684
236612
25468
131420
10245
134294
256805
212284
19380
77413
267773
79278
234946
121127
210204
178094
48095
53968
42798
98792
58574
173312
68567
271765
69684
16972
265235
118276
211075
151229
37547
259057
203155
95271
53763
65846
231156
80297
149343
276415
206115
198391
65280
179898
13823
275853
235372
201667
260296
242270
66280
144749
127642
204972
204025
221652
74404
34974
48233
247845
81323
244919
157160
162812
245788
210447
66769
147262
72292
186635
159609
116137
241384
56694
163782
67090
155083
50483
209096
208151
102217
256560
152529
206246
220381
80494
12294
186743
215576
67963
285513
245476
20057
16191
178657
45893
137162
281226
12933
239499
154174
7909
25835
91390
9540
202472
27831
246951
262182
168659
184354
151420
102966
247746
230530
256330
11860
58095
98234
117733
91497
70197
177937
184883
177736
97823
110984
129218
36072
126434
205497
238157
55946
171715
75723
248603
33654
49861
6142
256698
264972
257954
263160
42845
281314
275674
57307
89153
146674
123993
190868
208019
257029
255676
126222
142163
289083
237000
256987
176172
284993
217103
195842
139275
267417
251976
20876
233644
88294
38363
44414
64076
166704
60055
230423
216763
177692
24925
189780
26013
272069
236902
267049
61309
150603
11363
54179
36201
120881
25409
197699
286613
40282
226777
147811
206343
90450
27010
242274
212671
120792
94400
61825
151827
155782
248841
126265
281685
258658
77109
90633
228508
145716
72019
277214
175175
43421
113628
222905
286820
32037
8822
96690
199813
225069
166310
253646
49842
145794
159752
187714
115112
204781
190362
249575
4054
48482
280866
228641
30122
222466
73080
180083
28026
123181
57221
91130
257142
177477
137702
56812
117596
106174
230728
111133
45331
17665
223667
262920
225415
252452
58915
273427
94472
198158
139518
281067
278478
98034
42392
4551
33275
33926
266038
89383
61940
266201
20624
43247
50418
117651
92312
101812
228056
257885
86550
67656
106145
93557
147303
160190
177381
164462
263798
154749
140373
244646
119307
240277
110093
71156
222199
40466
69584
191114
170424
146622
3473
287949
104714
130577
209835
50741
276341
218773
20135
256780
188014
212682
94220
100524
144705
50871
27878
204841
24223
257557
146826
117952
233925
249066
283381
231566
158207
163112
17106
157437
90323
206228
135693
150994
159733
102573
220980
22647
151221
242571
126210
150250
261893
19093
32420
213482
249257
232971
87541
91690
10901
154059
288135
248257
203444
50726
267788
207025
205610
217750
138508
131424
463
270943
143738
127386
20817
133375
11998
32232
226933
215779
4506
75365
195774
249797
90280
68284
239844
88557
271061
181962
83506
100252
102369
286330
148907
33208
207443
63114
112041
218556
51893
176258
285105
123446
193564
249920
282235
171286
158118
179584
231603
45035
165879
260528
193594
113419
67632
81225
43268
171467
153386
241127
78537
18654
68736
63345
115809
236822
165842
167371
274150
107250
52413
177602
217158
153442
57625
279771
218595
2169
79672
278841
184697
26390
79365
131223
285742
28690
45003
181052
113310
227164
153116
104170
134027
15357
169348
183284
125448
285174
254204
120910
211868
121708
209914
68132
142565
193205
96355
59068
113549
275786
5031
148884
209995
226441
223185
166326
69896
240451
151618
73139
105898
278615
100305
34963
226131
148764
225015
114832
144111
118342
111867
183490
240490
176341
109153
222956
207917
267279
86953
182758
216991
264552
3157
269924
90646
139503
289407
93121
101744
21115
77295
189176
190234
53332
229370
196681
240651
226442
104307
206088
192511
73557
242320
115487
261131
135985
160850
242173
76833
116961
56659
147342
143496
139353
49570
254901
48027
241702
190457
285978
79551
54197
222944
172942
77661
256053
235881
25628
278223
160084
190645
267471
193203
173029
83086
281290
164783
23138
78955
185232
150753
7754
251310
191771
20499
162413
3763
150135
183174
207496
206736
68782
5105
148059
29112
6474
192447
237962
178063
117643
279824
284584
135279
1390
70492
92019
239160
135681
73122
237582
193464
275384
9079
148152
33236
109332
96747
43081
188601
163169
20644
94710
269627
222238
20831
266421
9398
119478
12519
206988
201472
288632
274336
252733
48886
285545
72138
116587
138900
255062
126868
189466
121807
120172
75367
48212
48460
152160
41321
111466
33406
230557
214527
123345
9566
277355
185605
126208
85710
139412
146085
237805
107627
199677
273256
213519
117154
268877
42591
261770
9322
77247
273824
248632
250198
91504
228270
207669
82473
264923
257073
254455
133752
136308
57443
146794
59926
237034
218164
49624
166880
29256
30493
204180
170560
250489
39372
64190
165474
139176
89314
47762
123803
175604
250362
106586
285862
270568
16636
206815
211546
255436
174691
161408
267104
144449
253584
32589
9637
174381
41991
149352
8623
216765
47846
244423
98947
246470
9836
231871
89280
253745
263277
43896
719
228411
61970
210799
54841
239528
125149
222046
252378
73853
288708
143545
152375
7334
76210
165263
33169
96124
139367
101315
287641
181976
282669
177467
275447
164433
158441
85143
213532
164831
1038
287029
133995
183824
64745
193402
146124
15293
14318
224483
76268
215047
163038
148966
245983
230575
258674
182220
168837
34740
56086
60904
99331
177526
62921
65361
111595
230539
207840
206586
42806
152281
197636
46600
34939
237682
134404
92631
173567
95899
63580
161621
241476
95251
230321
60740
274362
72762
90442
230833
8825
219552
178729
164301
146419
266102
169452
3987
247515
150800
115333
199594
29899
235597
72377
170937
100455
209788
21525
54975
114353
93947
15379
87292
62912
118534
203629
188057
132163
62971
124946
238841
246123
43431
141758
86847
139210
273176
201812
222795
62704
227770
86598
11242
13948
79406
104258
6802
215632
138403
58958
138704
58732
198614
69980
127650
171549
227565
160805
155888
183149
19772
115749
253320
101209
134761
118080
187443
208284
11441
177590
228317
42287
111404
120385
170477
154699
235123
20028
212485
142534
168938
110292
249658
4839
117650
185373
115259
249827
283775
175410
129592
132957
65320
103001
172873
43223
785
52189
272813
95842
289401
54747
169727
273435
81942
18405
226293
155875
281322
149991
243709
227218
187161
117265
283949
264992
189720
96770
185999
118785
6626
191793
94273
147456
154310
230029
63193
9291
53234
159449
124785
76137
54268
78428
220494
186456
47751
180702
78096
256116
53140
83131
159105
219018
148236
39083
120069
8434
246320
69346
17340
190407
275023
243869
118951
56643
75444
18346
55738
130421
182724
209613
68319
208873
100016
36406
61417
199428
179215
267290
159448
6449
237743
183017
76059
131637
8483
237692
58837
255481
235422
67745
144577
88939
193149
168654
37120
161376
252362
132813
108407
147402
25329
238755
271044
246542
221425
178988
133441
54295
171547
137790
248513
191438
227610
89167
2874
101668
158862
27139
284318
192910
270025
114577
33338
190466
170547
262267
62247
87553
1479
221010
2947
173535
30895
270288
161634
136221
79299
199864
261243
97649
169299
238951
120002
86523
90536
223748
86607
69625
58800
241725
70599
111856
66943
21609
20915
243358
66432
140579
24185
22265
219536
115726
188607
236629
14058
224540
192719
207390
209201
267010
40663
68659
66710
15886
153638
235536
164565
140444
12589
16030
134158
78410
24897
153729
64612
155653
58476
109720
120430
171804
281109
73038
211033
216380
53529
36363
15580
101358
18860
40281
125922
178688
249432
217622
273654
230620
254605
50271
269809
272066
278176
72152
21229
274662
116048
216901
189609
140937
31931
245692
25869
110149
238848
182368
65313
33887
42563
148201
71762
48483
145702
6901
287617
218699
1029
287768
210129
44909
66162
37236
270934
37652
206274
154921
146883
155612
84818
779
70145
188045
156491
121891
275487
241090
161589
265884
135912
153763
9414
286492
32651
167873
160514
240729
197544
147768
137437
92836
146727
155985
57658
123431
170302
200124
135859
205840
76286
227173
102054
71813
49194
256749
266599
42929
109204
16133
116416
193292
252344
249026
31208
40824
4119
203894
210768
102407
163690
132852
230140
215351
235002
102779
224399
288761
121477
128684
47770
34692
38360
93637
37692
97956
117162
173801
233337
147440
208094
72114
120807
157338
237702
268298
196393
170904
104000
72075
123502
194561
1387
211371
148010
235400
44325
71002
159984
145006
55917
77444
265426
268895
97171
158133
91256
48391
235607
263148
261840
108587
39217
245974
27408
262768
48944
14999
201183
280168
212506
60567
18532
289749
93792
116715
182348
60945
149577
249931
210804
44189
137129
75613
352
192480
249122
158775
172712
247597
44846
181161
145086
238641
22118
78297
71990
12256
67093
144189
70
208729
227801
210032
132120
178859
165421
41909
119647
100574
217461
204944
122142
75119
18828
138029
138366
129659
166313
89675
158141
77642
124880
3118
236292
224362
261161
114013
102464
86753
32282
125512
143838
60195
205778
147851
20219
34841
88874
99873
48480
159024
268923
183720
228735
141241
156070
183865
246836
36613
241499
288729
280825
76744
188927
121691
206497
62827
245808
164896
170769
110625
110963
93526
31072
37963
155772
27674
17396
55597
106177
93681
112303
78485
110758
285502
185192
273299
191072
36122
272658
116117
260289
208975
187977
116245
231244
201289
209643
137331
206057
279442
163960
114591
239068
73812
27126
22162
215442
89131
197080
197919
3723
240616
167114
173732
182124
173268
112035
224045
212825
68791
166731
105799
63974
100974
195952
172086
122751
257211
219368
22711
273984
152157
265208
82509
210808
73070
150652
282139
260917
131485
40455
87142
140458
134192
132632
76
154942
90583
267291
72088
199152
249994
268305
271001
20029
166687
74682
252146
98446
94116
277309
266557
193853
42385
218082
216336
20317
63992
78187
73806
47196
239004
145003
29283
175304
70788
202162
255764
239266
70636
153148
120600
152432
241039
288546
214460
48145
47841
2423
88223
41549
187153
36050
232826
16930
229354
69103
36926
49047
62823
147234
280481
7400
256338
43029
8397
153349
274948
93916
238200
261629
241167
2129
167923
124157
132593
82950
177363
175356
24685
246300
116632
20342
31699
104987
85384
128972
83083
74644
216335
211788
214521
111924
279746
80095
172926
129612
13935
95531
282111
211742
168731
230497
206873
109618
274266
281639
158088
241362
199781
166497
110516
216226
12237
65110
272147
48848
208723
209805
128228
65088
63491
105051
205432
103873
274912
72531
63335
149251
217485
147635
127941
112290
125456
47164
108328
58592
262866
34453
180732
95237
268236
241921
133174
138388
157914
243678
247135
121701
216158
133783
98134
266291
36619
96674
85963
274580
80437
69334
75969
39061
96242
183491
227319
176023
29594
251108
269971
105067
265970
21401
101948
192315
264107
245760
249989
198163
274828
209880
270376
86779
249111
87225
145567
172236
13188
191396
199591
169798
181238
129728
113993
95537
231319
6082
18660
94338
145756
25024
173634
139572
55976
223163
5575
43555
236409
79943
45114
120553
33165
281976
42755
71214
88249
21122
88938
15868
203351
247933
45251
36322
68999
171732
260849
131655
264589
237303
131847
228559
219024
1778
175811
106282
3650
47596
108150
1815
101290
227467
64073
216550
82880
53141
3090
73064
33763
259306
245095
254833
174415
20833
236944
285184
16987
84004
8138
83338
11304
241579
189291
231231
61437
222779
132362
43198
220973
78647
271257
20586
252125
113500
95018
60583
72087
93986
211917
135689
158387
245056
9971
274453
162010
275552
197253
225031
45357
33613
241269
12435
269588
20573
237888
275847
210960
169231
216229
246755
256496
94194
110393
94131
194947
175070
251741
133817
231796
122075
145030
130393
115814
176637
209105
51186
142247
4696
217245
225618
265157
12114
280034
176309
261627
183740
260695
127915
3611
51080
59625
239985
129516
152076
284258
102797
275893
146963
37984
206123
196619
276757
19082
288658
65120
278884
231150
8087
48214
138271
89057
223369
126151
153785
114889
258904
20913
200375
79424
135683
2622
150252
229131
229981
21668
69520
279498
225768
72965
102325
237609
60627
242190
8498
94995
109231
194740
262760
192777
154566
174531
114345
283929
244198
59013
108369
16560
34746
112927
153703
213865
250283
174333
158293
95108
169389
57425
173645
7631
262776
46809
23699
224738
255537
190854
281114
45967
10307
160580
189922
32753
159586
181903
152083
4240
68270
172801
77914
75554
48814
32550
220735
196195
273872
213460
57132
132337
71897
285101
79552
186615
186521
10035
54787
228566
119822
114744
5144
205047
152871
282340
26493
130483
178170
80202
177020
179458
197835
33905
57785
32931
175635
168745
81627
13604
112149
286386
69468
200303
218464
31914
128204
135696
103334
152382
239912
61258
64866
66031
109189
16279
161912
212346
185477
105841
109637
152552
28544
150813
277837
44166
257785
81741
234545
257423
214426
7095
193665
193139
276724
276794
224724
288667
129309
150255
226129
39826
12842
164240
119075
245528
266125
68550
241749
272524
187129
211747
7412
96192
284676
64082
77615
35046
249784
95141
222232
162083
207301
173994
196846
31888
64444
168197
38485
184189
194601
17289
36172
10147
44014
134733
53870
176701
273480
275960
210704
218255
110229
269911
40222
279159
196886
260876
49869
274525
114007
227110
135631
47580
259245
195421
82696
17666
103855
35223
60593
42474
952
229410
132374
51261
113123
85544
201553
264692
169092
32285
30865
104392
248999
129542
73805
139902
251538
65078
126928
234110
36179
133650
230924
53520
200299
53980
109440
151953
43542
247195
263104
222871
51024
221042
1260
221673
40699
190263
199135
158020
43788
29777
248158
118718
63882
67391
229639
44924
15029
63612
36299
174020
15483
106300
135284
212746
32351
121827
52821
248263
161394
273866
226971
207681
36788
285462
58788
138104
91938
181951
152220
162655
33252
244669
168161
232383
169373
20730
72246
203843
129648
179595
223603
72398
169459
46503
249109
102850
89977
135465
113294
262654
57528
161692
46492
8621
95034
171339
223208
262434
208134
219454
87554
191988
11392
271176
197872
174335
24466
71639
120011
11429
107703
136690
222342
4934
178120
282880
134097
124645
199915
79733
171365
222820
277115
107138
210957
42160
33212
103594
151554
167198
130321
11410
223468
112660
286463
65596
285968
263327
153334
250070
134797
232364
183081
106996
283811
11857
70118
163420
85305
217732
146704
239156
112374
229899
162372
187962
226851
242996
254944
257726
105416
141584
161040
273539
211948
30509
229868
135170
29432
39780
86918
35088
174362
165198
218292
224541
154442
219128
248388
225645
41695
262171
147602
12310
103118
72558
161719
65465
139323
181913
19587
13480
51456
166410
76615
156870
37994
96434
238311
205160
56417
113259
108528
101796
248972
171959
59434
39387
38273
121069
166508
9531
202637
20878
28042
97702
222062
129414
72770
289579
34321
157345
243451
93407
154083
34001
9624
90418
232784
175131
25787
205356
101303
33139
258555
92782
26275
127769
282209
279900
84544
195394
17375
4986
92864
67108
171337
147052
23265
254336
18393
252401
180234
94174
260945
263144
160743
161893
32188
50324
24194
69905
721
260661
140893
237232
55947
3928
2262
115438
44138
186995
240569
242138
269408
231463
196048
9541
189263
116949
225481
84836
189496
139849
231778
120946
144730
223397
48642
79579
142423
146781
246466
286102
39903
104077
225159
140542
56916
277523
144412
124660
224818
45052
111073
226738
191572
139364
44321
277357
82380
242633
225926
11746
175589
65673
138462
261360
28234
131185
238196
260458
142188
251331
109451
222047
179518
262208
148089
79627
60364
244991
125831
280393
133029
266624
172049
1477
13919
122820
281014
72056
177437
273500
73507
225753
289649
204668
38821
236220
107231
251859
13727
145649
195868
206790
247545
230605
178441
150978
46017
184589
283298
9899
65568
101174
102848
192838
138653
103709
197574
41169
103934
24
283461
32738
128218
276263
222951
133090
43617
254387
95618
144350
257733
74763
9489
91822
1263
158960
264988
11142
202543
14819
119816
88624
162546
89038
262744
232242
26779
138554
39998
193098
31466
49750
222808
24054
164884
141903
111335
255562
10927
5750
205545
107616
165870
241186
212307
49663
50215
243798
170743
176019
164510
252454
214973
205529
203627
273276
42580
233002
282609
1693
122941
70930
84366
103887
230868
227960
162259
95067
81934
114882
24676
44986
184581
234642
158180
222183
101123
286328
246295
168901
277341
115377
24269
60592
45056
190974
282584
187537
78278
119808
143954
85521
284508
256594
29775
272058
262989
141969
192399
106424
171044
24247
27680
217491
91471
167246
132658
247236
286887
207628
126218
3584
214598
215764
242871
165726
2302
15900
236785
229538
220308
85938
35651
176149
224252
261465
37539
123295
142680
79246
250224
74050
197634
37613
200705
57001
175393
90960
198685
45984
9097
31076
56044
129598
142315
23847
95481
208355
100518
114616
263980
269221
3600
264152
188896
172638
151215
36440
60817
112167
46464
118682
235185
266473
166025
60123
113783
200136
151415
3121
19652
63666
96655
99901
187486
265575
2143
124606
259756
177233
107545
225482
98010
254540
204741
141882
247183
63130
172806
214205
283276
182638
72193
146402
216544
74736
104174
198607
33312
13510
47239
194973
32072
45662
240531
142753
160268
130167
136984
277564
100060
9133
101891
187230
75581
11945
36763
104968
220714
125461
205266
76497
245621
64659
158394
227207
119399
13280
142845
58305
31960
8529
863
19875
186591
43789
203603
196724
200731
108124
89241
100051
46352
210269
152343
129646
209136
165593
104943
158489
151486
124015
226979
229580
144394
247001
190026
124450
195787
89199
184730
29895
281830
280132
64642
100979
68878
287331
234372
79024
91629
220111
11871
76082
23351
151497
17875
283364
187398
202097
98224
181018
162166
49586
127489
12950
2473
53620
161362
198671
232552
66677
58280
208685
92180
197534
215140
90514
161768
278454
173885
57882
88172
25113
90344
227620
207355
177139
223491
26075
79835
16052
132819
183997
232969
260257
210180
169061
128293
213117
279249
124204
5180
38009
139529
21733
231453
16496
275375
78143
184483
192828
72170
63624
128541
170121
192840
48120
128395
124566
281375
199846
149656
133919
215751
17469
121589
38892
96211
275350
95882
101623
99126
202595
26734
281819
140555
253304
260840
147774
183294
216232
183290
118767
227383
259594
38741
89884
236846
83855
163122
90319
273175
51187
91641
136010
167536
180202
185292
73358
11029
170960
27711
6407
263116
74664
170859
72635
120816
163607
167209
45508
1108
202888
240878
64178
214405
51023
124415
157368
39906
282975
162869
198299
216713
93697
96546
55022
62867
58052
215193
284198
29598
192281
230552
82343
8586
103555
20849
4014
282423
27486
232183
73391
175477
239874
227295
82039
125660
92544
84079
92464
129939
91598
124417
215426
150537
228642
196473
82533
30148
175414
206903
192544
26384
74931
75746
44222
277009
137875
244852
228121
175059
139722
96545
185455
100540
107066
205184
178399
202644
174898
146538
246712
279424
187296
57865
256200
288103
189521
150989
128770
132948
107552
152455
199900
144455
194332
170062
271761
65220
160884
178746
66120
141793
220097
99519
268559
162341
117393
152238
137954
198599
102814
280718
66405
121643
141194
4910
122208
13600
101596
188049
136049
49264
206789
276811
67654
41088
287475
272610
209549
53380
9036
268192
31164
60296
137145
260179
262345
228282
151551
65714
225703
287120
68983
7907
231119
231972
19771
101213
227231
108033
263899
240079
181063
176939
89623
286136
206563
7708
124140
205524
60438
206067
120376
229626
40156
171091
34893
222419
43620
153151
285568
149957
12981
158242
254314
122827
211422
140388
68648
237006
280524
131890
78593
92267
9597
42492
109146
11155
160504
82851
1068
219903
163773
86325
148117
36705
148566
180049
100608
74599
234962
140513
9386
103071
168352
69217
121259
199358
192458
254555
40721
219795
206253
11788
174950
153321
268589
215806
184539
51335
192685
49828
259470
11663
161516
219644
235989
173112
275608
17922
22675
176163
28578
184277
39649
120582
83956
218784
271881
221715
49041
66145
140098
117632
178786
143212
158213
107928
183540
152166
116190
121783
237971
159189
178828
162793
264502
259063
123565
229687
278106
151468
264566
239479
166370
205706
200510
163257
119737
211991
231724
125469
52734
190687
259123
123695
123154
289337
59626
279455
128973
69897
195818
287814
5866
17035
285886
255450
111966
204256
214254
103406
263445
257728
252685
158681
20474
186976
121752
22915
100670
60167
176463
112784
247862
219892
143745
122017
166903
260370
263178
246053
246520
286956
83676
58175
208479
161746
94303
252322
102030
9195
235033
107055
217744
27828
282903
18524
57418
134756
204207
202465
192014
179840
10004
82647
48592
114063
181764
55106
16542
54219
74184
281280
144126
177634
239125
143439
185637
48666
145960
147758
215851
220731
219202
89906
28555
256216
52378
95454
129727
211841
255357
115692
99822
230797
111521
16845
110494
90911
176961
194018
265470
210511
36372
118089
250005
186140
214352
275676
47350
256370
71943
116479
135101
10713
288363
165114
63565
245823
182658
260392
193382
124882
1062
62635
56912
95181
148106
87858
154252
137660
226839
216023
128135
16350
130949
239625
95722
288627
164834
147896
75015
272242
3372
67742
262325
180277
131829
94067
191018
129787
192080
287111
43486
173649
98280
288655
148397
183314
171074
121590
186331
25470
71844
285093
55162
20180
127189
29555
222894
100903
54357
251945
155267
123580
146659
192109
69238
245302
82534
119270
229237
148205
136934
31074
18689
53389
149997
160799
60138
108616
262992
105096
171902
167342
170803
216999
165959
39629
11229
2542
118079
15354
185615
276233
196545
59561
