251650
230680
68768
187812
141874
162320
265836
123710
180528
262067
37136
60191
73104
207520
123854
22430
9761
270473
84560
65424
129914
91741
235267
76492
47492
264232
204801
177100
164331
134452
121766
99228
268426
257643
122565
155919
139248
91894
69101
943
78071
254327
191349
174566
193668
249714
110647
62926
25991
180226
283397
51797
117391
194177
22238
179375
77959
113613
208226
168814
23316
68616
215212
166169
181311
133423
279832
225209
32658
288435
101453
22463
158429
138314
65915
215026
136112
194731
244037
100358
221205
79117
232860
62018
132010
105799
152152
29231
69272
214640
161267
225199
176816
24261
69135
204938
74492
147880
217877
144459
193253
96892
209960
205919
266552
154707
98644
108473
65681
158194
46945
98636
242666
71101
109222
120865
53240
144317
216416
193573
225103
87114
73216
29255
69898
125967
284887
37822
52102
246383
208032
147029
159436
71185
58228
32650
287073
57172
115302
30864
115190
177048
35973
280828
193550
272223
29185
266823
194914
55569
180804
131965
232297
22429
77305
43177
160732
254581
139218
94616
284634
278778
175405
193
88925
211696
237152
17419
7888
259843
195670
102640
8385
196536
18342
244301
131749
52206
239268
49010
55598
126824
102317
144482
60402
168013
7827
192572
125098
235629
278050
227076
156843
122219
182704
196047
132362
238937
107770
344
51131
174402
154278
130275
71905
125282
87113
3505
78976
230328
260752
192770
271459
125296
244836
263986
24165
93653
113263
167810
227111
165329
91293
179370
130742
274354
224683
89421
152647
245728
69158
141127
206829
47797
243402
57182
227781
211230
41153
26231
187804
29995
118016
52863
181085
134390
176180
65275
173902
247208
50983
151271
26967
93689
28119
8676
267909
7068
175084
97742
124402
161446
184969
186644
33119
238646
269325
117845
240315
258740
962
187086
42667
222001
189645
37128
92748
101935
183576
237884
289044
136550
156254
240524
222896
66030
217006
18878
268779
219975
214769
238226
216476
270654
30723
76922
195319
130165
20015
139556
195872
10765
197895
224213
229636
24390
108208
41821
283151
262418
233065
39087
77440
10705
132295
167970
34521
198202
41502
167369
164050
95437
392
186499
27633
16116
200883
226108
58688
273478
177507
158583
159882
143009
85793
270387
73561
254492
248940
82963
70493
21119
125519
43210
243684
151848
195495
