70805
278942
194278
57330
170344
527953
790602
10052
967237
209678
98400
528887
32354
847876
950410
773581
570488
418609
486533
406441
593136
745012
386982
660076
753691
890108
412226
282706
411482
547473
520426
549117
830676
438495
239676
128826
936949
535311
994037
506969
27257
166968
343158
784885
71026
800106
980359
536851
856878
572483
889137
109654
323332
674986
150585
199089
80763
906007
350626
293227
141170
297041
421621
987287
580875
229374
749917
468472
12
441939
459456
489744
94556
166714
563246
748742
46840
808452
644031
184758
319969
2440
693871
229727
395002
302957
632700
989375
213841
474928
541032
883233
643042
804040
744437
449520
968218
511946
662181
685140
282996
969557
595095
12087
294525
150530
411740
14132
848729
16749
201339
611080
927167
900177
755619
442699
62859
734191
903920
916509
94106
507101
275593
326533
955463
749705
654034
641726
404544
41969
431117
741443
140026
986017
482362
845277
396237
696039
129660
383245
311133
302340
920993
867398
310797
872231
228835
874187
252414
143827
936636
206743
799127
632037
580380
332008
892927
314162
943948
10835
229286
714776
154954
254281
965532
447044
559608
366742
995174
667239
434575
716153
819984
188905
364853
630697
730263
464641
168095
901485
722141
843747
407947
450361
664217
991894
939604
448172
545386
109697
967895
457247
145482
960214
250893
816483
803970
636317
119943
891180
267525
846970
4115
147437
766144
462534
888899
861297
307348
57309
971216
225101
661314
643444
117360
470939
704573
344840
128592
910484
217135
21510
66137
903001
571052
845109
399774
352591
363952
230492
886536
395713
901658
876663
931748
680233
275365
994398
729478
534456
1568
158500
321955
508349
446562
576290
791968
669347
962944
601822
627349
49919
811049
186501
34732
295602
868195
998110
521731
390531
563089
110868
653478
579836
40533
306502
47684
428558
746903
32405
234074
955671
937860
103009
772053
500053
472887
269239
438389
19260
753312
596048
899796
814120
355495
15270
686216
726928
665307
776619
240941
877637
416452
110443
743858
859737
866655
389505
32578
558025
750673
34936
165700
892251
723995
120259
879759
102558
791257
840886
736886
843758
826003
510706
607339
782563
960747
188601
405008
598694
393856
203164
102656
386497
154710
26454
126757
586165
315101
674885
708866
66396
909312
376141
589328
423696
369914
505306
947224
529273
259370
274578
666203
166581
806292
494266
465441
771138
442426
723604
832196
279007
397549
673739
289036
29035
333946
106299
265521
526543
764798
337086
384526
844440
537735
649110
868689
391858
286271
775109
683016
72559
3803
247949
477627
367757
836292
206133
400212
912977
897744
288180
67559
457696
247125
140773
130191
253487
464612
327306
509121
460470
770542
534692
838156
253763
283850
807173
435755
878633
456452
658820
842043
471524
851868
740571
450601
460075
36737
336191
853760
186520
397231
18231
885315
827607
254160
847743
596919
908911
821585
819910
208961
499513
724015
363891
695828
199790
823167
197218
338788
360022
100310
480818
456118
171971
299926
827738
751269
901805
716930
440925
406179
232618
286853
866613
394855
508254
618815
81366
309725
644190
601620
467492
353855
474447
572969
770983
587518
570393
273853
475478
283335
531521
660709
882805
240381
682147
707908
689662
378894
433386
252571
163990
612280
88332
122257
722489
220252
309977
771159
773328
289918
244556
86999
655325
171456
106606
572403
189939
984972
205368
453854
470403
574825
562059
959349
259702
747729
69619
738115
915765
566810
761830
919754
440039
78809
617178
495465
178678
987697
101442
750679
204870
355192
108194
614060
600160
103728
826809
102248
15693
995590
42610
200816
569652
107480
672985
391570
526079
88714
724501
678841
846821
436012
314894
908804
600113
880593
355102
945816
508092
491652
777744
937720
162211
425493
49925
732662
785764
59869
346210
769403
498477
239566
415386
142338
653327
685094
734384
441355
534952
42639
129685
806127
598065
319164
213956
526882
632817
846499
920730
785323
515129
618251
211012
696240
199898
503523
607313
321174
766297
100043
526233
216271
832597
1536
305065
352412
981476
32219
40666
682304
825073
716552
220163
515442
536962
24563
20428
307022
165647
244920
376911
884347
857732
711609
441933
806637
446910
764139
554678
353252
933513
268548
433374
494877
309772
915837
640014
305475
891325
165256
911310
51146
127160
780529
677716
593041
713422
730705
76342
618991
754557
398589
670420
188714
737807
128013
364232
679893
499123
550144
782132
763111
750777
905361
881601
552394
76894
196181
717549
985456
698396
864923
991030
298714
886489
649207
804654
608326
243811
231409
589010
691244
608361
128245
525755
629061
750917
893000
104074
464936
542223
717429
773220
403291
393973
43542
860916
805316
237614
966140
898930
736434
30911
997609
421847
150574
892767
240741
449055
325800
323396
618141
683395
519383
607032
811658
626145
921000
303121
549277
237916
269348
17194
940595
789988
910785
722697
412066
539248
510300
740306
132078
543408
380869
832231
378621
994029
816938
341666
30404
783785
661118
301997
51456
199285
555737
852396
230696
697798
980672
348800
562707
637211
139488
299406
109705
363707
288430
996100
468567
428321
264956
740915
54944
399041
522510
547362
734893
709749
373500
616140
305058
741718
223558
204372
459124
982856
625082
541992
428794
185417
718839
911578
463694
523461
545524
377836
996843
195783
300001
745719
532442
48485
585483
644558
97760
298162
613705
980068
942534
815993
819655
118754
742882
317694
664885
403490
400528
56153
327018
682088
463297
327844
7818
773870
953362
153618
857689
769262
603146
114449
791574
415040
83011
26660
220003
718235
98403
88721
845047
596433
773596
636801
456109
817155
776129
754465
904170
988400
444552
393062
406666
410377
18796
226648
377235
208243
150529
247378
274497
670279
832000
276872
606438
268043
219041
823861
347873
971552
401675
868574
283525
747320
263237
662365
550472
76954
825677
116773
381875
733225
639898
493041
532420
828646
451892
755925
252589
337346
125581
910758
186457
826893
998144
85074
802697
810074
544597
603626
369147
224508
896857
347420
333170
670240
29021
363674
756240
690556
232406
826888
728619
474897
188185
299383
570256
602884
930889
584292
582754
931828
912173
393864
159060
569289
672728
198264
187060
484998
53252
704414
855367
488807
635624
87148
432274
992883
729673
727319
16927
476271
707791
621687
922248
58234
471192
664490
363513
774382
258067
898425
967381
719347
311018
781748
249981
223725
739452
467840
629207
269935
278346
203715
823692
856914
100809
929502
771555
925402
959936
208343
816008
743383
56326
310480
953949
476324
767981
989179
58499
631833
709927
314692
838409
413479
153860
725795
703867
554784
671311
584922
16503
321840
360158
371781
186775
573855
453916
291492
205332
709430
692509
939331
57899
410723
487556
465427
947752
939936
754835
710799
438260
353089
328434
890502
293064
7755
234191
907319
611187
792824
967242
378774
835951
74795
489047
774577
459260
813106
253394
70560
498615
874531
958725
324379
21174
833220
290749
374190
46794
14385
116437
194854
370283
250043
887021
686389
852213
433349
851964
934263
990862
799461
304776
620755
870366
908844
796323
20797
664999
550165
438907
879757
706189
194289
848886
757791
453290
717999
328322
574614
174285
489115
578630
406449
145346
631199
861611
987393
364039
721797
378736
570620
742436
853153
841826
660933
734487
67070
717072
401768
703147
87275
17884
216823
328147
769241
151569
772870
480230
323906
251476
477325
932903
350923
361162
376454
32165
926541
6018
713598
328802
101262
354604
673482
72592
165303
312977
543167
172428
333785
552184
328288
351773
90483
342593
914635
942927
306055
618766
104240
149473
48261
742894
6446
377859
979958
200366
561437
727205
145069
234734
775485
465161
68790
830975
253061
516365
224503
760092
594275
365464
265207
343724
601007
769616
328964
356270
464261
723446
294593
28
408405
916056
174753
110025
539910
81251
583784
776200
483012
37492
544843
413621
395973
588576
745316
390106
793246
890221
295114
92826
418949
281146
980827
847760
389697
293809
286162
816528
770014
207043
965795
864512
372354
999665
352052
98470
148348
164387
254233
833501
350859
966264
400636
320543
217225
813001
274689
287217
714796
5131
368188
801141
915652
274513
99622
572856
989734
235707
256966
759352
863449
454342
126406
177990
448018
59519
287410
325504
339189
655733
563668
391369
293705
772267
625353
9071
4294
423866
959369
347631
288092
822134
339225
414138
310130
788213
10729
136361
531808
88295
850372
743901
482520
112921
326035
556568
464558
307269
936784
696751
111450
91278
181202
92833
274963
764886
634768
594303
803201
684252
366842
237679
547510
79989
528890
113916
278450
574917
748133
995127
32416
195190
970854
240960
572967
461264
150101
72828
350907
710197
921543
412660
878293
521838
244494
906945
862456
686970
786900
60503
838955
758559
171100
248230
892641
749654
735653
504567
708924
356945
92722
93841
669266
404396
398902
435155
65605
706690
785342
786515
283496
179805
253775
250416
206580
234197
705958
298134
453538
518095
873438
915742
815069
933111
87848
220542
167071
86612
690965
170492
978435
284770
694984
632800
897371
715185
215651
350256
923447
449225
164397
408942
229586
721211
499345
188070
697287
216925
159500
277918
850460
830233
147662
718204
115456
593615
797803
510828
456679
81264
848946
162895
50671
194036
331170
502980
608313
815940
457452
58002
666436
672820
202495
426704
447410
603297
316215
623698
728947
151461
791171
85063
867500
751331
703966
351601
155224
694720
757174
619043
504666
705084
636291
730959
767124
467906
532710
9938
101561
813067
964032
270710
839585
609583
697821
526879
874303
570883
20714
744717
193508
457510
653455
333721
105811
920953
291424
686032
552313
457057
100037
217210
107996
909845
177344
544372
627218
898403
624080
486562
652686
722879
487178
345723
782147
626062
762710
834348
430558
915079
233649
497452
446613
722036
967807
669010
497361
416212
422677
701539
148086
262272
991112
691593
317447
816280
915943
140238
764104
442723
571731
37226
357330
371734
59657
663190
481545
168836
283911
810166
161914
56946
200315
935729
939710
902796
761381
130878
378940
743873
643663
9049
856279
516098
219128
276666
985526
134412
914433
192978
355316
803329
353934
894014
153798
527092
248528
944433
463281
237637
93860
577545
326659
715718
575164
225388
410523
556713
274761
344645
953656
316501
713642
759101
232907
970821
539953
459999
928351
714268
259400
146245
933541
42066
100838
610417
618651
724173
455205
622977
306926
399575
144669
898796
372276
254968
563645
450890
419366
907984
511680
951869
763826
724895
276647
357564
248876
877002
260924
38657
467542
590214
452434
570962
184443
652917
733017
803108
216327
89844
440316
241445
53320
816223
253012
932911
853389
380629
918465
347119
150534
619124
936963
732738
677803
11779
180154
865706
160732
640656
287638
120283
944071
46348
889192
496357
581866
481966
728608
429305
634418
676868
691697
85167
413016
144958
759593
842239
605543
65418
811242
157061
161742
742705
505992
45351
983681
896218
157051
348613
784402
5343
368164
823109
556217
831289
456616
321143
577112
413116
399481
713615
228607
109674
756590
140290
989630
586890
27607
923346
68734
448987
961301
156302
651656
996120
503568
335766
913334
240093
778594
242970
732451
919966
570808
93097
809954
311510
507239
881647
584148
803335
754780
114071
907133
676809
932234
927781
834411
262978
140675
115233
163611
671504
808835
67590
734289
694270
328348
985315
733474
549301
28115
144674
663669
706538
111874
321011
800481
24934
452955
607567
306167
966830
272882
303796
909979
222783
876055
61616
314241
605181
899509
794234
254463
919996
106436
710016
339701
390501
824765
768341
348784
474170
52648
825502
253133
213181
179755
573537
819547
562518
462714
28685
327494
108555
608491
243030
22085
163755
175531
283592
812440
599922
153652
788490
460263
437368
312450
26309
451882
801051
290471
277899
304707
969703
182972
683635
174838
225173
171610
314244
678543
484793
930099
141976
419133
25810
251821
219540
323180
286154
53779
912670
822534
456010
612859
985852
271738
562920
20701
473656
212294
666037
9230
607865
590734
486881
645989
76202
287280
783429
705548
993953
763205
737567
106363
987596
104405
526007
352358
986289
600081
510972
919117
729639
327304
630523
578833
569986
127772
377022
31691
639223
156668
769476
484293
19699
419080
681501
503458
18587
527671
777568
40034
449072
559718
429296
980008
245180
939240
46730
740547
684676
659220
866239
276179
484252
800560
899150
633257
95880
771265
223609
412027
856315
719538
810286
860446
488662
642144
111495
71990
617761
624659
443302
444659
549785
534796
208170
885732
170136
13366
566123
817246
94825
599691
965529
258444
345926
52804
978260
745137
683217
969106
949184
303352
262402
591400
235076
186410
150048
385759
176439
681843
25396
107364
983962
828026
81792
808599
524336
545584
657565
953803
695570
653325
774930
464514
517488
230903
796394
485660
565751
772989
980628
324603
666066
433617
642281
445634
258136
310837
382591
969329
221200
897604
589
180571
495966
500779
978226
235712
329559
601431
828701
916046
993598
282135
252704
832443
864993
20141
142896
731723
680826
568500
794479
357555
822160
166186
403895
355798
564582
440021
752498
215760
402840
925383
923541
683359
765423
522517
548313
840090
596838
512544
291949
941629
479160
698383
215785
757878
745551
285885
406133
63495
652154
323570
389937
873154
158766
999780
857184
951231
496481
973415
240779
625877
586253
291122
222748
48832
321473
693389
908362
362105
466919
163256
898329
836601
18739
636528
775727
87746
384199
424753
941586
479588
625336
453775
186619
384945
907674
465807
181771
706996
105128
158228
254893
850176
161378
973763
639601
894516
856451
44056
982799
207383
144469
967130
73832
509107
50916
800026
627039
619037
963409
784403
239443
591328
488835
848935
359144
801259
52147
601779
9110
279704
975606
468742
401932
572414
172678
357075
454932
518241
412808
209346
996768
959402
779002
790768
247387
585625
401684
604008
658891
919352
896188
49714
655390
417091
267272
156904
390597
558517
17942
907274
416566
26488
53267
525905
728991
36324
739425
138904
263171
231857
392556
825433
79704
15922
28981
390936
453992
122296
385845
236035
675821
425560
949994
992180
56320
419821
527729
486138
471904
833162
999514
803043
442588
807809
416618
754688
162076
178962
447549
519219
895667
665444
799953
792926
487679
313819
998316
33206
614449
464684
652895
702332
283469
23714
509113
29963
890006
327135
318066
939844
666814
563523
720085
744682
680606
620700
855039
676168
104499
601129
972907
951298
15252
202965
48526
20001
940910
117789
798919
425132
316975
447581
134932
151348
883038
346147
912309
344434
741823
681235
216169
271247
654981
107495
533125
689766
987370
598511
161078
156081
676412
38654
862337
241677
253274
821087
714271
46035
272093
849496
190249
853554
127171
686854
719266
861645
254821
112731
403025
751973
321016
571092
331108
57585
944424
861754
269189
630692
690248
85
601023
103535
599049
238014
787434
188703
186364
580038
285010
356939
19955
126318
151145
372148
334106
693579
25647
707229
873533
962641
398674
19778
263381
994179
805780
574021
749343
944926
537631
2599
723818
985346
578416
448581
263907
69535
791367
759001
880415
561522
911884
542127
372441
180391
442950
293393
946375
678763
424183
755286
841892
681568
914213
950761
591190
740087
96244
128801
678284
988307
261960
727731
267227
296265
519280
606178
176725
99372
698398
222728
768765
701600
798906
338659
538376
152316
486028
922095
633265
773651
781473
365716
62495
559377
10297
766908
731510
792455
618527
720686
1475
262919
717336
402160
121326
59028
579863
261038
886435
58550
578864
518650
285196
253404
692932
253410
811280
78266
603837
935869
321860
878820
312143
457647
953160
492009
402943
233320
761561
580361
898768
909535
666330
906743
462142
588738
746673
237435
52495
399350
272521
700457
840092
933924
593291
643932
119039
262816
483495
75541
23620
244362
825873
569825
101990
840796
601576
149355
512019
808689
951065
581868
911808
87427
513899
686558
180355
813955
352043
739037
12871
815342
501218
690989
933436
805621
646895
979540
723792
863944
675232
911567
557042
50947
875369
496099
930239
381686
726553
794100
368902
607450
98069
853257
880804
154406
205546
132635
152963
436935
130691
429634
615346
945289
564332
286112
825101
529828
613996
952492
198811
240505
70823
821212
442649
206708
106456
702980
330299
752185
857938
408085
307382
930762
804681
997428
326091
847974
653501
733406
693691
376505
970488
210543
69309
84362
248069
145692
316837
287608
998301
333949
571060
203367
240064
157622
609184
807918
285146
155490
712716
923709
987678
198598
262173
173300
538569
433016
754647
909040
553169
876538
381364
342926
374191
113356
101064
909895
973035
711474
998523
712018
327629
412896
434059
789823
62983
986305
17603
397643
936764
121941
149118
453534
693094
914456
590897
319358
627189
862342
64471
44678
115730
909556
259460
294250
811854
375758
746679
815778
313851
494545
437326
661838
884970
486876
587520
332754
34853
695137
317931
239413
615954
20620
901475
208282
809374
827133
430075
71421
37033
792835
793040
217149
525455
25901
670787
729148
943841
217476
791766
144714
702863
239754
478076
313109
19809
786826
320534
23443
372549
634816
575144
299467
743867
826607
894450
947084
164752
669834
680411
336404
382605
786491
193199
796835
606238
472136
508246
63036
897281
366223
313667
1605
475230
266615
984378
151921
989677
573550
665906
531467
471480
396780
897771
329244
21150
694719
711712
717232
338883
348221
991245
562228
145498
578252
891822
892292
279646
721496
813239
875901
580825
8751
249415
679535
33850
423319
1158
966553
380084
315874
300261
390860
71363
604047
169806
742390
691896
965516
585958
821650
995971
143658
66409
865768
477597
844193
388138
679343
380332
34091
885576
363080
836957
448446
293756
83875
988159
177699
225247
349215
38447
876921
721691
779082
235493
40424
122132
638068
371305
597735
485772
102084
527750
738185
48122
214349
660818
377908
225908
867241
653347
645934
214368
940798
390572
814045
428306
658014
104086
51662
479231
666402
814951
928978
132873
400080
355634
181264
289110
114726
498593
527099
589967
886711
480066
413188
738818
790801
968577
967425
268520
548942
395893
189857
925325
763271
573014
209981
794480
927357
776699
763655
261317
863319
337751
580178
178122
861425
664979
837095
840402
182427
196474
74343
377500
776003
711187
572904
713314
927612
568379
420514
618518
804619
966771
824996
226937
50340
476241
26817
67618
586251
843652
125529
262362
686536
627075
717061
72365
258809
863733
595785
597820
469124
171334
90198
879772
615516
167989
339112
244765
80718
365896
821107
70369
455843
303792
321780
731245
334961
989893
874620
406153
936542
640299
343947
769617
604369
400800
347808
70167
576148
571552
443071
684925
977065
836784
350829
596851
697871
589997
488724
292241
115993
547336
333244
72578
629189
41453
443028
263195
937000
576798
691705
149566
115679
171421
876311
477452
508848
339218
555407
714837
353526
784867
290046
309062
79211
949548
749504
876129
105555
765412
156501
336250
54926
852877
402501
719320
585623
526002
144050
883587
179948
146083
521996
478590
946517
569731
466277
622663
975939
164296
655336
987843
672319
974601
110903
596019
423694
776317
963765
842934
290954
91675
910179
944888
661271
611946
903602
365233
98542
676273
665262
247697
13966
646926
848083
297719
534704
455324
471502
616744
112861
164452
220249
713987
87602
511658
558770
30452
415170
384943
89089
320789
716549
934576
774661
849454
212449
953099
767861
945876
963567
770743
153727
222116
693160
950434
696125
118187
289929
875466
252601
436982
103187
56937
304076
977546
109937
126413
78573
552647
10943
330978
216224
63120
458790
406371
374045
883784
912148
772667
811046
114271
656022
670539
475139
470236
159478
617832
74850
434485
264174
290178
686746
215272
738095
934253
234587
614117
974582
435636
416475
421319
556486
795928
213989
479195
485041
905497
144118
894807
782282
653386
441609
23479
672940
865326
141445
814219
176631
463870
751861
901422
581919
72789
870941
73911
112051
264302
455194
875784
185451
79698
910812
971286
961360
705745
687639
801487
397933
981370
877721
97555
481729
315135
962685
199695
865853
941204
855162
666561
801060
567835
202628
986927
724452
809511
322441
838040
63676
649128
986997
793778
862064
143873
757240
54399
250344
353468
99299
382548
497737
419354
732372
479578
514293
348714
80037
202681
844196
20209
845401
663373
926847
153151
548213
687481
141137
19932
41206
653357
729963
620888
34026
985990
164866
252359
816058
866825
787564
198478
188642
615010
762070
506540
321362
296990
295651
107978
900158
962895
874428
648573
328268
878047
561630
395198
658233
917044
132156
330201
563137
914305
285193
18017
439134
747389
904114
138054
50509
305403
192004
385056
277957
24282
848259
466106
246819
44035
583740
689298
379695
178820
143181
337657
361419
309145
581507
642868
446957
522072
91017
266232
73792
849081
471966
356693
77666
283622
196151
605669
282961
304699
765812
392820
683932
784622
495162
696083
743861
936333
364061
832248
573303
980837
87344
590553
828146
177860
176208
302576
336272
720307
86785
64750
879237
296994
16583
111510
690192
562704
286037
849302
949460
457228
509017
963558
383272
379160
393403
958254
701870
756355
845715
14774
35028
386437
708460
830291
304605
605392
952401
953445
188241
93037
404158
370527
223275
118019
393753
40351
910669
994972
599552
249361
968154
731550
99507
760985
826749
241880
996293
963281
618293
294092
377544
260022
923982
948653
251163
32672
690502
795214
83723
858210
781795
273869
241172
155811
261850
163296
229034
261811
567703
519323
660366
502543
825419
918989
621415
794449
718109
415408
790827
358430
999104
720642
303933
743171
830320
914771
202693
91851
80321
223371
975418
70486
268919
178257
863978
393531
168212
773771
158568
25904
661624
78259
493371
478142
207087
905327
892988
121968
134313
273958
473312
517245
521178
56241
640349
534528
929266
416210
929615
910341
473338
158876
499663
736083
194560
36505
236871
101608
702734
261732
366660
82257
867054
212531
43328
167511
705188
463795
637373
151350
356987
748409
496212
966442
89451
162373
746306
140740
476952
774134
475192
120794
865885
800661
116154
302915
916698
516788
981917
161829
628925
821630
738827
86821
406870
159619
910966
450817
159936
647880
887043
40572
241287
693594
432583
776484
785464
335169
452556
351
731717
779667
301881
948529
849627
624786
544483
549036
183291
486480
78646
584475
518969
927908
950557
406778
564587
85160
930768
932566
185485
101535
899336
583839
276320
569847
69072
979486
988621
371399
40199
264767
917305
719612
57655
892839
195034
43819
436871
929146
193573
991221
756552
896701
899193
629345
313536
770638
800333
138741
389401
764302
761080
420512
266031
342180
408731
152335
58604
458147
30313
824880
692747
397268
647453
69161
738908
837348
604459
580237
468022
608195
312632
844353
6055
268744
331283
178049
983746
595396
615495
12886
207852
314693
565369
334240
866434
843263
986364
325628
746730
553810
452480
743870
872335
513939
197862
689500
816959
464412
688478
753080
598190
129310
246630
649704
80568
486992
324787
202602
697
643405
535433
873522
577477
320244
25149
263693
821267
247380
464779
227364
12360
459942
304346
516972
272078
124148
752934
853891
574632
353842
503480
181772
850449
176205
459280
772447
124424
712861
981812
169459
864269
879306
286063
38351
755320
804280
15533
77903
33822
43583
466189
831981
506378
701336
284602
481064
48349
900419
237704
659520
191657
58397
630218
57667
34530
866723
336870
683381
541043
592151
885557
457243
199418
401578
389216
416439
585704
273426
691870
524264
696133
456713
212571
758001
617563
236020
111196
630797
134253
874068
358131
524748
752443
117155
149288
585410
71659
529352
771374
885206
832504
402408
683591
410770
35056
423032
503162
962764
230462
762050
471187
568426
155257
527000
546077
270330
806764
822961
691737
28107
677847
896109
972111
604870
698303
255426
133738
693217
994431
341216
61074
179569
88274
501768
866313
987946
456823
359525
210895
622523
922244
655427
439685
526714
380641
347366
953959
475102
766454
567247
986789
80670
778160
376960
466237
176188
94337
532589
734064
884966
356257
713254
575556
554388
655007
162348
47590
631108
90871
389961
114261
720077
918280
756144
165830
809016
803527
364228
413812
207413
358482
93514
814244
46183
392348
492886
618874
591420
129029
664286
892023
539899
733628
738499
537649
385744
346647
965487
791962
774821
975059
134530
681410
701920
521017
872467
400805
212283
899968
404088
445943
133485
696701
122238
850317
56694
878257
808354
876936
393749
533884
316021
92060
672499
363636
417320
828417
572308
213497
985922
594740
860996
308574
349267
694490
619934
334115
835861
940689
340225
865453
721357
450183
21002
14215
22917
12313
543069
367198
43255
366595
123880
755384
657551
571987
573528
591494
776050
638654
670128
785129
793776
28168
361561
144235
483373
921125
758007
268967
699734
118579
131962
209802
114874
367688
975347
366150
350083
576727
783232
199672
438898
792898
393348
479499
610963
771858
488218
105091
676008
125903
474273
92864
49618
101750
800280
815657
403088
905652
849735
589835
862145
574560
292961
186550
665476
60795
675109
575592
109472
162241
547764
872160
711403
276595
226779
422258
347356
996908
407133
429875
72198
47362
244359
829253
118215
529877
971644
593865
762988
318867
410783
94568
987641
950644
681260
326580
43751
100253
862140
615317
329485
583651
804468
457100
785698
758206
462299
210057
137901
886400
803916
471030
9466
875411
416636
486340
884172
187609
643339
287138
165972
394193
291540
936727
227409
916546
965246
599547
862052
234932
78542
730381
168131
509971
352563
626020
594561
94189
762291
331213
646801
226983
800164
835164
480658
190585
77100
401079
820550
753290
679460
100767
720007
374972
288951
326963
936387
859912
209095
462936
375890
388120
151511
361039
428710
78671
931840
581814
512518
83245
901598
725657
511844
343344
943794
759353
221746
466854
449433
124173
270755
679939
545327
361632
881712
80023
793369
371287
857417
265608
16738
121084
739822
657265
660105
397759
717044
749730
729840
676223
235660
713185
238349
11956
909521
198216
864608
143138
493362
733033
245859
869780
592526
359956
603586
484081
691111
152571
751732
169883
691897
190431
966946
291588
561541
490860
747644
154085
923947
460304
508585
853949
187980
792223
444966
665556
917440
947387
128740
686892
185533
146254
660387
380348
612405
828793
471847
723508
998113
135342
79027
605460
306324
370628
219805
259191
223110
548210
639295
305247
946535
918720
723411
718896
986303
506886
747788
454975
820539
638646
160750
703565
314602
374805
351188
196727
90913
186517
874908
319834
865905
878269
699889
128064
588015
140667
72889
291734
789710
929038
729245
782577
966667
414512
539700
511475
565344
881670
100239
124791
988936
219654
244939
106607
853247
789056
776729
135887
392710
912983
73527
330043
973448
487344
749203
432653
398647
192711
772937
24074
742917
382448
735332
763195
523654
515375
482115
113462
359308
524467
663193
279281
769394
306143
517966
777840
905677
589923
734047
373503
510404
128102
527678
167277
277431
515436
105523
10997
495674
616115
523285
830981
951620
488225
236343
294909
127287
585928
283200
798277
469958
133168
903975
20091
467190
6016
620727
292598
368255
133806
373215
582499
23888
376736
592107
215933
299701
353920
371738
384462
138825
989518
684981
239861
539662
741105
168704
125941
986151
377392
977528
996732
138767
939728
279175
912183
303192
632055
552454
972196
83039
365265
23308
120547
740005
308383
37609
766741
495499
549035
828945
769356
955799
715713
415691
820541
626201
390668
768543
419754
818493
739965
242243
907207
570600
949544
956068
615483
596809
987681
815518
200021
439785
538559
900625
691586
440351
661116
769885
258494
993099
764807
319445
706792
974281
730639
714270
101162
266743
550148
45742
560227
177947
447605
907381
99777
162249
676243
416621
960304
845283
722950
98466
32365
783187
744813
250958
670174
324813
353561
236792
844858
440614
736448
174338
872487
540020
26603
798494
26002
259492
614056
600550
230778
967308
516839
286209
914947
334170
746933
978086
547773
191586
403772
720363
678786
213908
927164
67515
85629
246694
765843
8090
677496
940618
218027
38356
50833
789363
536026
35533
26538
128005
22867
724125
378358
561656
430131
218200
457786
755040
926413
307273
760851
268500
110352
557109
785083
480432
600824
622666
590156
465522
362111
759887
458921
819682
328510
124941
943403
923803
662390
947693
665942
418983
196385
507154
399465
535319
804282
537192
35011
262885
973285
727887
817067
418973
148131
393390
10968
22641
675791
411293
530743
825587
457004
352258
528919
670025
731626
305022
67867
670854
276228
780973
188488
723127
438154
488677
130372
741866
494392
662247
221882
862280
904046
970916
764711
224974
712877
663169
117010
65405
887793
171108
